11 1 13 14
14 1 2 14
5 1 2 13
20 2 13 14
69 2 14 15
68 2 3 15
76 2 3 14
98 3 14 15
0 3 15 16
0 3 4 16
73 3 4 15
3 4 15 16
70 4 16 17
59 4 5 17
73 4 5 16
94 5 16 17
18 5 17 18
62 5 6 18
26 5 6 17
47 6 17 18
31 6 18 19
13 6 7 19
18 6 7 18
7 7 18 19
95 7 19 20
89 7 8 20
26 7 8 19
86 8 19 20
63 8 20 21
0 8 9 21
73 8 9 20
55 9 20 21
88 9 21 22
14 9 10 22
1 9 10 21
67 10 21 22
9 10 22 23
54 10 11 23
16 10 11 22
58 11 22 23
7 11 23 24
95 11 12 24
63 11 12 23
75 12 23 24
75 13 25 26
21 13 14 26
67 13 14 25
85 14 25 26
97 14 26 27
74 14 15 27
32 14 15 26
2 15 26 27
36 15 27 28
2 15 16 28
84 15 16 27
66 16 27 28
100 16 28 29
49 16 17 29
84 16 17 28
16 17 28 29
55 17 29 30
39 17 18 30
78 17 18 29
23 18 29 30
53 18 30 31
85 18 19 31
20 18 19 30
42 19 30 31
26 19 31 32
7 19 20 32
44 19 20 31
68 20 31 32
59 20 32 33
55 20 21 33
34 20 21 32
76 21 32 33
72 21 33 34
10 21 22 34
14 21 22 33
52 22 33 34
66 22 34 35
99 22 23 35
1 22 23 34
57 23 34 35
25 23 35 36
90 23 24 36
87 23 24 35
78 24 35 36
34 25 37 38
90 25 26 38
73 25 26 37
55 26 37 38
11 26 38 39
13 26 27 39
85 26 27 38
48 27 38 39
96 27 39 40
23 27 28 40
89 27 28 39
92 28 39 40
7 28 40 41
34 28 29 41
34 28 29 40
53 29 40 41
58 29 41 42
21 29 30 42
31 29 30 41
76 30 41 42
59 30 42 43
73 30 31 43
21 30 31 42
99 31 42 43
8 31 43 44
30 31 32 44
37 31 32 43
55 32 43 44
14 32 44 45
31 32 33 45
61 32 33 44
31 33 44 45
76 33 45 46
97 33 34 46
11 33 34 45
78 34 45 46
40 34 46 47
100 34 35 47
3 34 35 46
32 35 46 47
2 35 47 48
46 35 36 48
67 35 36 47
55 36 47 48
51 37 49 50
91 37 38 50
33 37 38 49
45 38 49 50
22 38 50 51
94 38 39 51
94 38 39 50
43 39 50 51
56 39 51 52
38 39 40 52
34 39 40 51
19 40 51 52
0 40 52 53
74 40 41 53
78 40 41 52
67 41 52 53
7 41 53 54
91 41 42 54
32 41 42 53
26 42 53 54
86 42 54 55
92 42 43 55
64 42 43 54
54 43 54 55
27 43 55 56
55 43 44 56
69 43 44 55
84 44 55 56
72 44 56 57
92 44 45 57
9 44 45 56
95 45 56 57
12 45 57 58
34 45 46 58
80 45 46 57
1 46 57 58
86 46 58 59
44 46 47 59
13 46 47 58
79 47 58 59
96 47 59 60
60 47 48 60
81 47 48 59
69 48 59 60
2 49 61 62
7 49 50 62
71 49 50 61
13 50 61 62
92 50 62 63
35 50 51 63
74 50 51 62
9 51 62 63
90 51 63 64
40 51 52 64
39 51 52 63
28 52 63 64
97 52 64 65
45 52 53 65
75 52 53 64
69 53 64 65
70 53 65 66
60 53 54 66
1 53 54 65
17 54 65 66
49 54 66 67
86 54 55 67
31 54 55 66
44 55 66 67
20 55 67 68
20 55 56 68
24 55 56 67
79 56 67 68
61 56 68 69
3 56 57 69
74 56 57 68
97 57 68 69
47 57 69 70
24 57 58 70
90 57 58 69
51 58 69 70
46 58 70 71
28 58 59 71
66 58 59 70
54 59 70 71
90 59 71 72
88 59 60 72
46 59 60 71
65 60 71 72
43 61 73 74
91 61 62 74
31 61 62 73
67 62 73 74
83 62 74 75
29 62 63 75
94 62 63 74
72 63 74 75
71 63 75 76
2 63 64 76
60 63 64 75
93 64 75 76
71 64 76 77
92 64 65 77
0 64 65 76
3 65 76 77
41 65 77 78
17 65 66 78
5 65 66 77
29 66 77 78
2 66 78 79
0 66 67 79
83 66 67 78
85 67 78 79
75 67 79 80
86 67 68 80
98 67 68 79
17 68 79 80
7 68 80 81
12 68 69 81
73 68 69 80
65 69 80 81
81 69 81 82
12 69 70 82
18 69 70 81
57 70 81 82
74 70 82 83
22 70 71 83
5 70 71 82
16 71 82 83
64 71 83 84
66 71 72 84
83 71 72 83
70 72 83 84
26 73 85 86
8 73 74 86
44 73 74 85
63 74 85 86
99 74 86 87
6 74 75 87
42 74 75 86
70 75 86 87
94 75 87 88
90 75 76 88
74 75 76 87
66 76 87 88
8 76 88 89
99 76 77 89
9 76 77 88
87 77 88 89
5 77 89 90
81 77 78 90
7 77 78 89
47 78 89 90
84 78 90 91
4 78 79 91
46 78 79 90
50 79 90 91
33 79 91 92
51 79 80 92
92 79 80 91
89 80 91 92
83 80 92 93
41 80 81 93
86 80 81 92
34 81 92 93
37 81 93 94
40 81 82 94
54 81 82 93
25 82 93 94
33 82 94 95
88 82 83 95
11 82 83 94
80 83 94 95
7 83 95 96
96 83 84 96
91 83 84 95
10 84 95 96
38 85 97 98
29 85 86 98
67 85 86 97
90 86 97 98
80 86 98 99
65 86 87 99
31 86 87 98
35 87 98 99
57 87 99 100
47 87 88 100
74 87 88 99
3 88 99 100
44 88 100 101
89 88 89 101
25 88 89 100
94 89 100 101
11 89 101 102
0 89 90 102
89 89 90 101
80 90 101 102
51 90 102 103
72 90 91 103
20 90 91 102
2 91 102 103
35 91 103 104
13 91 92 104
58 91 92 103
92 92 103 104
1 92 104 105
30 92 93 105
28 92 93 104
54 93 104 105
83 93 105 106
51 93 94 106
32 93 94 105
9 94 105 106
87 94 106 107
43 94 95 107
37 94 95 106
26 95 106 107
43 95 107 108
93 95 96 108
6 95 96 107
82 96 107 108
2 97 109 110
65 97 98 110
79 97 98 109
77 98 109 110
62 98 110 111
85 98 99 111
79 98 99 110
77 99 110 111
75 99 111 112
28 99 100 112
47 99 100 111
37 100 111 112
71 100 112 113
17 100 101 113
83 100 101 112
10 101 112 113
14 101 113 114
17 101 102 114
37 101 102 113
17 102 113 114
52 102 114 115
18 102 103 115
33 102 103 114
97 103 114 115
45 103 115 116
93 103 104 116
49 103 104 115
62 104 115 116
90 104 116 117
67 104 105 117
46 104 105 116
93 105 116 117
7 105 117 118
10 105 106 118
63 105 106 117
16 106 117 118
69 106 118 119
94 106 107 119
32 106 107 118
89 107 118 119
29 107 119 120
83 107 108 120
4 107 108 119
7 108 119 120
75 109 121 122
21 109 110 122
88 109 110 121
46 110 121 122
93 110 122 123
48 110 111 123
39 110 111 122
87 111 122 123
95 111 123 124
93 111 112 124
69 111 112 123
12 112 123 124
86 112 124 125
32 112 113 125
21 112 113 124
99 113 124 125
0 113 125 126
59 113 114 126
63 113 114 125
8 114 125 126
2 114 126 127
30 114 115 127
25 114 115 126
63 115 126 127
50 115 127 128
4 115 116 128
66 115 116 127
48 116 127 128
75 116 128 129
77 116 117 129
42 116 117 128
30 117 128 129
74 117 129 130
11 117 118 130
100 117 118 129
19 118 129 130
21 118 130 131
20 118 119 131
64 118 119 130
8 119 130 131
51 119 131 132
65 119 120 132
60 119 120 131
26 120 131 132
57 121 133 134
84 121 122 134
61 121 122 133
97 122 133 134
24 122 134 135
41 122 123 135
12 122 123 134
87 123 134 135
10 123 135 136
82 123 124 136
18 123 124 135
66 124 135 136
64 124 136 137
100 124 125 137
25 124 125 136
92 125 136 137
97 125 137 138
48 125 126 138
78 125 126 137
84 126 137 138
97 126 138 139
44 126 127 139
84 126 127 138
39 127 138 139
82 127 139 140
82 127 128 140
31 127 128 139
60 128 139 140
58 128 140 141
30 128 129 141
37 128 129 140
26 129 140 141
15 129 141 142
1 129 130 142
44 129 130 141
60 130 141 142
36 130 142 143
29 130 131 143
9 130 131 142
4 131 142 143
10 131 143 144
87 131 132 144
39 131 132 143
78 132 143 144
3 133 145 146
46 133 134 146
39 133 134 145
8 134 145 146
96 134 146 147
39 134 135 147
44 134 135 146
28 135 146 147
61 135 147 148
38 135 136 148
25 135 136 147
91 136 147 148
18 136 148 149
11 136 137 149
57 136 137 148
57 137 148 149
63 137 149 150
77 137 138 150
87 137 138 149
98 138 149 150
19 138 150 151
39 138 139 151
38 138 139 150
27 139 150 151
82 139 151 152
56 139 140 152
31 139 140 151
37 140 151 152
92 140 152 153
76 140 141 153
57 140 141 152
81 141 152 153
62 141 153 154
95 141 142 154
37 141 142 153
17 142 153 154
46 142 154 155
89 142 143 155
45 142 143 154
71 143 154 155
70 143 155 156
58 143 144 156
6 143 144 155
45 144 155 156
10 144 156 157
64 145 169 170
48 145 146 170
18 145 146 169
4 146 169 170
79 146 170 171
76 146 147 171
6 146 147 170
11 147 170 171
34 147 171 172
89 147 148 172
100 147 148 171
20 148 171 172
73 148 172 173
12 148 149 173
30 148 149 172
88 149 172 173
64 149 173 174
84 149 150 174
30 149 150 173
57 150 173 174
72 150 174 175
66 150 151 175
92 150 151 174
6 151 174 175
2 151 175 176
36 151 152 176
86 151 152 175
44 152 175 176
44 152 176 177
97 152 153 177
58 152 153 176
57 153 176 177
47 153 177 178
25 153 154 178
11 153 154 177
20 154 177 178
18 154 178 179
68 154 155 179
87 154 155 178
21 155 178 179
76 155 179 180
56 155 156 180
11 155 156 179
35 156 179 180
16 156 180 181
80 156 157 181
50 156 157 180
26 157 180 181
50 157 181 182
94 157 158 182
9 157 158 181
47 158 181 182
14 158 182 183
66 158 159 183
39 158 159 182
47 159 182 183
69 159 183 184
10 159 160 184
16 159 160 183
100 160 183 184
16 160 184 185
35 160 161 185
48 160 161 184
13 161 184 185
33 161 185 186
82 161 162 186
59 161 162 185
63 162 185 186
77 162 186 187
21 162 163 187
58 162 163 186
44 163 186 187
7 163 187 188
93 163 164 188
14 163 164 187
89 164 187 188
20 164 188 189
79 164 165 189
80 164 165 188
98 165 188 189
93 165 189 190
49 165 166 190
34 165 166 189
50 166 189 190
58 166 190 191
47 166 167 191
86 166 167 190
95 167 190 191
48 167 191 192
40 167 168 192
5 167 168 191
18 168 191 192
99 169 193 194
19 169 170 194
0 169 170 193
51 170 193 194
41 170 194 195
92 170 171 195
21 170 171 194
8 171 194 195
68 171 195 196
87 171 172 196
81 171 172 195
92 172 195 196
44 172 196 197
26 172 173 197
3 172 173 196
99 173 196 197
42 173 197 198
37 173 174 198
50 173 174 197
25 174 197 198
34 174 198 199
41 174 175 199
49 174 175 198
43 175 198 199
8 175 199 200
47 175 176 200
7 175 176 199
0 176 199 200
89 176 200 201
66 176 177 201
99 176 177 200
84 177 200 201
78 177 201 202
70 177 178 202
34 177 178 201
23 178 201 202
76 178 202 203
56 178 179 203
53 178 179 202
35 179 202 203
91 179 203 204
12 179 180 204
90 179 180 203
98 180 203 204
67 180 204 205
43 180 181 205
37 180 181 204
89 181 204 205
74 181 205 206
44 181 182 206
86 181 182 205
34 182 205 206
54 182 206 207
100 182 183 207
5 182 183 206
17 183 206 207
80 183 207 208
99 183 184 208
47 183 184 207
94 184 207 208
99 184 208 209
67 184 185 209
7 184 185 208
18 185 208 209
56 185 209 210
13 185 186 210
59 185 186 209
67 186 209 210
4 186 210 211
5 186 187 211
15 186 187 210
80 187 210 211
31 187 211 212
77 187 188 212
100 187 188 211
19 188 211 212
84 188 212 213
100 188 189 213
41 188 189 212
45 189 212 213
63 189 213 214
82 189 190 214
44 189 190 213
51 190 213 214
39 190 214 215
31 190 191 215
53 190 191 214
50 191 214 215
91 191 215 216
86 191 192 216
54 191 192 215
15 192 215 216
71 193 217 218
71 193 194 218
74 193 194 217
19 194 217 218
30 194 218 219
79 194 195 219
49 194 195 218
88 195 218 219
6 195 219 220
81 195 196 220
22 195 196 219
64 196 219 220
70 196 220 221
37 196 197 221
87 196 197 220
96 197 220 221
71 197 221 222
62 197 198 222
1 197 198 221
98 198 221 222
80 198 222 223
72 198 199 223
79 198 199 222
24 199 222 223
26 199 223 224
7 199 200 224
22 199 200 223
59 200 223 224
83 200 224 225
47 200 201 225
16 200 201 224
48 201 224 225
65 201 225 226
54 201 202 226
64 201 202 225
3 202 225 226
86 202 226 227
32 202 203 227
69 202 203 226
83 203 226 227
23 203 227 228
2 203 204 228
26 203 204 227
1 204 227 228
19 204 228 229
18 204 205 229
8 204 205 228
0 205 228 229
11 205 229 230
41 205 206 230
54 205 206 229
86 206 229 230
6 206 230 231
81 206 207 231
35 206 207 230
60 207 230 231
51 207 231 232
64 207 208 232
58 207 208 231
69 208 231 232
16 208 232 233
87 208 209 233
89 208 209 232
53 209 232 233
74 209 233 234
99 209 210 234
88 209 210 233
26 210 233 234
84 210 234 235
58 210 211 235
28 210 211 234
73 211 234 235
55 211 235 236
82 211 212 236
61 211 212 235
21 212 235 236
39 212 236 237
99 212 213 237
35 212 213 236
40 213 236 237
30 213 237 238
84 213 214 238
31 213 214 237
19 214 237 238
78 214 238 239
88 214 215 239
92 214 215 238
86 215 238 239
90 215 239 240
89 215 216 240
81 215 216 239
73 216 239 240
11 217 241 242
7 217 218 242
57 217 218 241
27 218 241 242
92 218 242 243
7 218 219 243
92 218 219 242
64 219 242 243
80 219 243 244
54 219 220 244
70 219 220 243
99 220 243 244
72 220 244 245
38 220 221 245
78 220 221 244
64 221 244 245
42 221 245 246
47 221 222 246
79 221 222 245
20 222 245 246
69 222 246 247
43 222 223 247
68 222 223 246
59 223 246 247
24 223 247 248
6 223 224 248
99 223 224 247
28 224 247 248
37 224 248 249
54 224 225 249
11 224 225 248
39 225 248 249
73 225 249 250
8 225 226 250
52 225 226 249
4 226 249 250
62 226 250 251
8 226 227 251
51 226 227 250
7 227 250 251
40 227 251 252
25 227 228 252
26 227 228 251
3 228 251 252
88 228 252 253
79 228 229 253
99 228 229 252
25 229 252 253
82 229 253 254
5 229 230 254
67 229 230 253
44 230 253 254
78 230 254 255
49 230 231 255
96 230 231 254
65 231 254 255
25 231 255 256
100 231 232 256
34 231 232 255
46 232 255 256
89 232 256 257
24 232 233 257
90 232 233 256
42 233 256 257
61 233 257 258
2 233 234 258
51 233 234 257
4 234 257 258
77 234 258 259
81 234 235 259
16 234 235 258
82 235 258 259
41 235 259 260
16 235 236 260
62 235 236 259
75 236 259 260
8 236 260 261
37 236 237 261
73 236 237 260
62 237 260 261
71 237 261 262
64 237 238 262
70 237 238 261
75 238 261 262
63 238 262 263
23 238 239 263
5 238 239 262
100 239 262 263
53 239 263 264
36 239 240 264
64 239 240 263
38 240 263 264
40 241 265 266
3 241 242 266
26 241 242 265
57 242 265 266
21 242 266 267
26 242 243 267
78 242 243 266
90 243 266 267
42 243 267 268
40 243 244 268
49 243 244 267
34 244 267 268
56 244 268 269
4 244 245 269
4 244 245 268
97 245 268 269
30 245 269 270
26 245 246 270
35 245 246 269
11 246 269 270
93 246 270 271
13 246 247 271
77 246 247 270
51 247 270 271
40 247 271 272
97 247 248 272
5 247 248 271
42 248 271 272
68 248 272 273
8 248 249 273
66 248 249 272
0 249 272 273
88 249 273 274
37 249 250 274
52 249 250 273
26 250 273 274
40 250 274 275
81 250 251 275
71 250 251 274
59 251 274 275
96 251 275 276
51 251 252 276
87 251 252 275
89 252 275 276
54 252 276 277
54 252 253 277
12 252 253 276
48 253 276 277
96 253 277 278
15 253 254 278
17 253 254 277
16 254 277 278
34 254 278 279
25 254 255 279
26 254 255 278
42 255 278 279
26 255 279 280
72 255 256 280
16 255 256 279
17 256 279 280
66 256 280 281
19 256 257 281
1 256 257 280
55 257 280 281
67 257 281 282
26 257 258 282
44 257 258 281
47 258 281 282
88 258 282 283
1 258 259 283
1 258 259 282
23 259 282 283
33 259 283 284
30 259 260 284
37 259 260 283
81 260 283 284
78 260 284 285
41 260 261 285
62 260 261 284
94 261 284 285
47 261 285 286
47 261 262 286
99 261 262 285
74 262 285 286
6 262 286 287
59 262 263 287
98 262 263 286
73 263 286 287
4 263 287 288
90 263 264 288
35 263 264 287
55 264 287 288
100 265 289 290
18 265 266 290
80 265 266 289
79 266 289 290
34 266 290 291
39 266 267 291
84 266 267 290
33 267 290 291
83 267 291 292
97 267 268 292
40 267 268 291
47 268 291 292
28 268 292 293
12 268 269 293
91 268 269 292
81 269 292 293
73 269 293 294
12 269 270 294
32 269 270 293
44 270 293 294
18 270 294 295
92 270 271 295
83 270 271 294
51 271 294 295
16 271 295 296
76 271 272 296
90 271 272 295
76 272 295 296
47 272 296 297
40 272 273 297
78 272 273 296
34 273 296 297
68 273 297 298
50 273 274 298
99 273 274 297
10 274 297 298
62 274 298 299
88 274 275 299
73 274 275 298
85 275 298 299
36 275 299 300
98 275 276 300
33 275 276 299
98 276 299 300
13 276 300 301
16 276 277 301
33 276 277 300
48 277 300 301
36 277 301 302
14 277 278 302
75 277 278 301
55 278 301 302
0 278 302 303
64 278 279 303
33 278 279 302
99 279 302 303
69 279 303 304
45 279 280 304
56 279 280 303
90 280 303 304
61 280 304 305
15 280 281 305
7 280 281 304
65 281 304 305
14 281 305 306
89 281 282 306
46 281 282 305
47 282 305 306
3 282 306 307
78 282 283 307
48 282 283 306
84 283 306 307
50 283 307 308
43 283 284 308
10 283 284 307
68 284 307 308
74 284 308 309
100 284 285 309
15 284 285 308
79 285 308 309
94 285 309 310
9 285 286 310
2 285 286 309
39 286 309 310
70 286 310 311
65 286 287 311
40 286 287 310
58 287 310 311
90 287 311 312
84 287 288 312
86 287 288 311
50 288 311 312
76 289 313 314
65 289 290 314
5 289 290 313
43 290 313 314
41 290 314 315
93 290 291 315
4 290 291 314
58 291 314 315
94 291 315 316
98 291 292 316
55 291 292 315
67 292 315 316
79 292 316 317
24 292 293 317
38 292 293 316
31 293 316 317
87 293 317 318
93 293 294 318
22 293 294 317
79 294 317 318
53 294 318 319
57 294 295 319
86 294 295 318
31 295 318 319
30 295 319 320
10 295 296 320
70 295 296 319
34 296 319 320
72 296 320 321
73 296 297 321
31 296 297 320
90 297 320 321
69 297 321 322
45 297 298 322
46 297 298 321
82 298 321 322
75 298 322 323
81 298 299 323
80 298 299 322
79 299 322 323
45 299 323 324
56 299 300 324
89 299 300 323
47 300 323 324
78 300 324 325
17 300 301 325
97 300 301 324
67 301 324 325
91 301 325 326
98 301 302 326
95 301 302 325
25 302 325 326
96 302 326 327
9 302 303 327
26 302 303 326
42 303 326 327
54 303 327 328
67 303 304 328
73 303 304 327
21 304 327 328
10 304 328 329
3 304 305 329
61 304 305 328
58 305 328 329
83 305 329 330
26 305 306 330
65 305 306 329
14 306 329 330
95 306 330 331
68 306 307 331
23 306 307 330
53 307 330 331
82 307 331 332
2 307 308 332
8 307 308 331
85 308 331 332
3 308 332 333
2 308 309 333
91 308 309 332
36 309 332 333
83 309 333 334
49 309 310 334
48 309 310 333
36 310 333 334
32 310 334 335
4 310 311 335
59 310 311 334
17 311 334 335
36 311 335 336
1 311 312 336
15 311 312 335
25 312 335 336
15 313 337 338
2 313 314 338
48 313 314 337
0 314 337 338
36 314 338 339
78 314 315 339
100 314 315 338
93 315 338 339
97 315 339 340
57 315 316 340
48 315 316 339
51 316 339 340
26 316 340 341
95 316 317 341
39 316 317 340
4 317 340 341
78 317 341 342
75 317 318 342
50 317 318 341
11 318 341 342
15 318 342 343
90 318 319 343
44 318 319 342
10 319 342 343
36 319 343 344
99 319 320 344
92 319 320 343
67 320 343 344
47 320 344 345
58 320 321 345
34 320 321 344
60 321 344 345
50 321 345 346
79 321 322 346
13 321 322 345
49 322 345 346
94 322 346 347
75 322 323 347
56 322 323 346
42 323 346 347
93 323 347 348
15 323 324 348
51 323 324 347
43 324 347 348
62 324 348 349
86 324 325 349
80 324 325 348
43 325 348 349
41 325 349 350
48 325 326 350
58 325 326 349
6 326 349 350
3 326 350 351
6 326 327 351
86 326 327 350
23 327 350 351
29 327 351 352
3 327 328 352
35 327 328 351
52 328 351 352
75 328 352 353
60 328 329 353
54 328 329 352
83 329 352 353
21 329 353 354
9 329 330 354
61 329 330 353
7 330 353 354
56 330 354 355
20 330 331 355
93 330 331 354
28 331 354 355
7 331 355 356
0 331 332 356
87 331 332 355
42 332 355 356
15 332 356 357
76 332 333 357
78 332 333 356
84 333 356 357
15 333 357 358
58 333 334 358
99 333 334 357
87 334 357 358
39 334 358 359
93 334 335 359
11 334 335 358
24 335 358 359
21 335 359 360
89 335 336 360
58 335 336 359
11 336 359 360
0 337 361 362
56 337 338 362
45 337 338 361
77 338 361 362
4 338 362 363
63 338 339 363
11 338 339 362
21 339 362 363
12 339 363 364
26 339 340 364
42 339 340 363
42 340 363 364
2 340 364 365
96 340 341 365
54 340 341 364
19 341 364 365
70 341 365 366
17 341 342 366
51 341 342 365
57 342 365 366
73 342 366 367
46 342 343 367
33 342 343 366
93 343 366 367
62 343 367 368
25 343 344 368
85 343 344 367
80 344 367 368
36 344 368 369
48 344 345 369
63 344 345 368
63 345 368 369
44 345 369 370
40 345 346 370
1 345 346 369
86 346 369 370
84 346 370 371
28 346 347 371
100 346 347 370
45 347 370 371
60 347 371 372
35 347 348 372
46 347 348 371
94 348 371 372
33 348 372 373
52 348 349 373
29 348 349 372
86 349 372 373
96 349 373 374
42 349 350 374
86 349 350 373
92 350 373 374
48 350 374 375
50 350 351 375
94 350 351 374
27 351 374 375
18 351 375 376
65 351 352 376
24 351 352 375
58 352 375 376
22 352 376 377
56 352 353 377
13 352 353 376
81 353 376 377
1 353 377 378
22 353 354 378
92 353 354 377
12 354 377 378
11 354 378 379
7 354 355 379
24 354 355 378
99 355 378 379
97 355 379 380
70 355 356 380
22 355 356 379
47 356 379 380
23 356 380 381
31 356 357 381
61 356 357 380
6 357 380 381
30 357 381 382
96 357 358 382
13 357 358 381
64 358 381 382
71 358 382 383
10 358 359 383
40 358 359 382
6 359 382 383
41 359 383 384
66 359 360 384
73 359 360 383
24 360 383 384
85 361 385 386
66 361 362 386
28 361 362 385
96 362 385 386
84 362 386 387
50 362 363 387
61 362 363 386
66 363 386 387
70 363 387 388
46 363 364 388
97 363 364 387
23 364 387 388
88 364 388 389
38 364 365 389
67 364 365 388
48 365 388 389
100 365 389 390
0 365 366 390
64 365 366 389
51 366 389 390
50 366 390 391
88 366 367 391
86 366 367 390
99 367 390 391
78 367 391 392
55 367 368 392
45 367 368 391
30 368 391 392
87 368 392 393
26 368 369 393
56 368 369 392
95 369 392 393
18 369 393 394
99 369 370 394
20 369 370 393
71 370 393 394
85 370 394 395
95 370 371 395
44 370 371 394
3 371 394 395
32 371 395 396
21 371 372 396
45 371 372 395
87 372 395 396
97 372 396 397
77 372 373 397
17 372 373 396
71 373 396 397
60 373 397 398
84 373 374 398
39 373 374 397
60 374 397 398
26 374 398 399
78 374 375 399
49 374 375 398
34 375 398 399
41 375 399 400
28 375 376 400
19 375 376 399
63 376 399 400
40 376 400 401
21 376 377 401
37 376 377 400
76 377 400 401
26 377 401 402
47 377 378 402
68 377 378 401
30 378 401 402
39 378 402 403
87 378 379 403
59 378 379 402
48 379 402 403
2 379 403 404
62 379 380 404
83 379 380 403
63 380 403 404
74 380 404 405
7 380 381 405
52 380 381 404
0 381 404 405
13 381 405 406
14 381 382 406
74 381 382 405
57 382 405 406
42 382 406 407
65 382 383 407
99 382 383 406
96 383 406 407
22 383 407 408
92 383 384 408
46 383 384 407
72 384 407 408
22 385 409 410
20 385 386 410
33 385 386 409
38 386 409 410
56 386 410 411
28 386 387 411
76 386 387 410
61 387 410 411
49 387 411 412
94 387 388 412
42 387 388 411
5 388 411 412
2 388 412 413
50 388 389 413
37 388 389 412
78 389 412 413
67 389 413 414
41 389 390 414
9 389 390 413
8 390 413 414
40 390 414 415
48 390 391 415
18 390 391 414
76 391 414 415
56 391 415 416
45 391 392 416
47 391 392 415
18 392 415 416
26 392 416 417
52 392 393 417
92 392 393 416
6 393 416 417
1 393 417 418
18 393 394 418
86 393 394 417
64 394 417 418
12 394 418 419
20 394 395 419
97 394 395 418
13 395 418 419
17 395 419 420
0 395 396 420
51 395 396 419
95 396 419 420
52 396 420 421
44 396 397 421
42 396 397 420
89 397 420 421
77 397 421 422
61 397 398 422
5 397 398 421
99 398 421 422
81 398 422 423
45 398 399 423
42 398 399 422
50 399 422 423
24 399 423 424
82 399 400 424
72 399 400 423
29 400 423 424
19 400 424 425
98 400 401 425
88 400 401 424
19 401 424 425
56 401 425 426
30 401 402 426
74 401 402 425
57 402 425 426
48 402 426 427
24 402 403 427
69 402 403 426
11 403 426 427
86 403 427 428
35 403 404 428
82 403 404 427
33 404 427 428
81 404 428 429
85 404 405 429
82 404 405 428
43 405 428 429
6 405 429 430
76 405 406 430
24 405 406 429
13 406 429 430
49 406 430 431
53 406 407 431
8 406 407 430
6 407 430 431
36 407 431 432
9 407 408 432
94 407 408 431
84 408 431 432
