91 1 14 15
71 1 2 15
66 1 2 14
44 2 14 15
98 2 15 16
87 2 3 16
95 2 3 15
80 3 15 16
45 3 16 17
12 3 4 17
26 3 4 16
96 4 16 17
23 4 17 18
32 4 5 18
16 4 5 17
97 5 17 18
26 5 18 19
13 5 6 19
38 5 6 18
73 6 18 19
77 6 19 20
48 6 7 20
77 6 7 19
88 7 19 20
42 7 20 21
96 7 8 21
29 7 8 20
83 8 20 21
33 8 21 22
24 8 9 22
70 8 9 21
60 9 21 22
56 9 22 23
2 9 10 23
65 9 10 22
0 10 22 23
33 10 23 24
87 10 11 24
44 10 11 23
57 11 23 24
8 11 24 25
75 11 12 25
1 11 12 24
32 12 24 25
8 12 25 26
7 12 13 26
18 12 13 25
17 13 25 26
10 14 27 28
7 14 15 28
7 14 15 27
100 15 27 28
7 15 28 29
74 15 16 29
43 15 16 28
89 16 28 29
50 16 29 30
27 16 17 30
63 16 17 29
4 17 29 30
42 17 30 31
45 17 18 31
46 17 18 30
16 18 30 31
91 18 31 32
42 18 19 32
25 18 19 31
100 19 31 32
61 19 32 33
95 19 20 33
79 19 20 32
12 20 32 33
61 20 33 34
77 20 21 34
77 20 21 33
67 21 33 34
81 21 34 35
38 21 22 35
68 21 22 34
84 22 34 35
32 22 35 36
78 22 23 36
21 22 23 35
28 23 35 36
2 23 36 37
29 23 24 37
52 23 24 36
27 24 36 37
61 24 37 38
32 24 25 38
81 24 25 37
39 25 37 38
55 25 38 39
78 25 26 39
62 25 26 38
94 26 38 39
57 27 40 41
23 27 28 41
78 27 28 40
55 28 40 41
70 28 41 42
98 28 29 42
66 28 29 41
42 29 41 42
81 29 42 43
50 29 30 43
44 29 30 42
72 30 42 43
26 30 43 44
10 30 31 44
50 30 31 43
65 31 43 44
15 31 44 45
33 31 32 45
21 31 32 44
68 32 44 45
47 32 45 46
64 32 33 46
62 32 33 45
41 33 45 46
87 33 46 47
47 33 34 47
89 33 34 46
43 34 46 47
85 34 47 48
4 34 35 48
76 34 35 47
9 35 47 48
99 35 48 49
74 35 36 49
95 35 36 48
89 36 48 49
89 36 49 50
86 36 37 50
74 36 37 49
81 37 49 50
66 37 50 51
16 37 38 51
13 37 38 50
2 38 50 51
84 38 51 52
1 38 39 52
43 38 39 51
10 39 51 52
2 40 53 54
84 40 41 54
69 40 41 53
85 41 53 54
67 41 54 55
17 41 42 55
89 41 42 54
33 42 54 55
38 42 55 56
76 42 43 56
22 42 43 55
12 43 55 56
71 43 56 57
97 43 44 57
64 43 44 56
41 44 56 57
84 44 57 58
7 44 45 58
21 44 45 57
13 45 57 58
48 45 58 59
95 45 46 59
25 45 46 58
36 46 58 59
94 46 59 60
44 46 47 60
15 46 47 59
33 47 59 60
98 47 60 61
82 47 48 61
8 47 48 60
29 48 60 61
40 48 61 62
84 48 49 62
84 48 49 61
74 49 61 62
94 49 62 63
56 49 50 63
90 49 50 62
4 50 62 63
99 50 63 64
96 50 51 64
94 50 51 63
75 51 63 64
49 51 64 65
40 51 52 65
72 51 52 64
13 52 64 65
16 53 66 67
91 53 54 67
83 53 54 66
2 54 66 67
60 54 67 68
72 54 55 68
73 54 55 67
41 55 67 68
44 55 68 69
35 55 56 69
19 55 56 68
20 56 68 69
41 56 69 70
36 56 57 70
8 56 57 69
23 57 69 70
20 57 70 71
73 57 58 71
14 57 58 70
24 58 70 71
33 58 71 72
6 58 59 72
53 58 59 71
25 59 71 72
53 59 72 73
88 59 60 73
57 59 60 72
32 60 72 73
83 60 73 74
53 60 61 74
66 60 61 73
52 61 73 74
7 61 74 75
50 61 62 75
93 61 62 74
38 62 74 75
98 62 75 76
84 62 63 76
4 62 63 75
87 63 75 76
2 63 76 77
65 63 64 77
22 63 64 76
67 64 76 77
60 64 77 78
100 64 65 78
34 64 65 77
34 65 77 78
44 66 79 80
32 66 67 80
12 66 67 79
61 67 79 80
66 67 80 81
75 67 68 81
22 67 68 80
0 68 80 81
100 68 81 82
68 68 69 82
44 68 69 81
65 69 81 82
48 69 82 83
10 69 70 83
25 69 70 82
64 70 82 83
85 70 83 84
23 70 71 84
22 70 71 83
70 71 83 84
81 71 84 85
8 71 72 85
47 71 72 84
98 72 84 85
83 72 85 86
0 72 73 86
85 72 73 85
26 73 85 86
97 73 86 87
52 73 74 87
88 73 74 86
4 74 86 87
49 74 87 88
45 74 75 88
75 74 75 87
40 75 87 88
25 75 88 89
30 75 76 89
53 75 76 88
8 76 88 89
35 76 89 90
13 76 77 90
72 76 77 89
56 77 89 90
34 77 90 91
13 77 78 91
44 77 78 90
43 78 90 91
36 79 92 93
88 79 80 93
100 79 80 92
65 80 92 93
46 80 93 94
93 80 81 94
10 80 81 93
87 81 93 94
15 81 94 95
89 81 82 95
55 81 82 94
92 82 94 95
5 82 95 96
88 82 83 96
13 82 83 95
90 83 95 96
7 83 96 97
62 83 84 97
68 83 84 96
54 84 96 97
34 84 97 98
17 84 85 98
19 84 85 97
7 85 97 98
41 85 98 99
87 85 86 99
28 85 86 98
26 86 98 99
58 86 99 100
93 86 87 100
2 86 87 99
63 87 99 100
63 87 100 101
29 87 88 101
10 87 88 100
10 88 100 101
24 88 101 102
40 88 89 102
6 88 89 101
79 89 101 102
25 89 102 103
29 89 90 103
80 89 90 102
36 90 102 103
21 90 103 104
76 90 91 104
21 90 91 103
77 91 103 104
42 92 105 106
2 92 93 106
10 92 93 105
30 93 105 106
89 93 106 107
88 93 94 107
92 93 94 106
16 94 106 107
2 94 107 108
5 94 95 108
8 94 95 107
67 95 107 108
13 95 108 109
97 95 96 109
17 95 96 108
12 96 108 109
57 96 109 110
54 96 97 110
81 96 97 109
58 97 109 110
44 97 110 111
69 97 98 111
15 97 98 110
95 98 110 111
98 98 111 112
82 98 99 112
39 98 99 111
37 99 111 112
86 99 112 113
19 99 100 113
96 99 100 112
16 100 112 113
82 100 113 114
15 100 101 114
92 100 101 113
35 101 113 114
91 101 114 115
42 101 102 115
5 101 102 114
33 102 114 115
47 102 115 116
36 102 103 116
96 102 103 115
33 103 115 116
21 103 116 117
13 103 104 117
82 103 104 116
8 104 116 117
93 105 118 119
79 105 106 119
52 105 106 118
80 106 118 119
91 106 119 120
59 106 107 120
14 106 107 119
79 107 119 120
60 107 120 121
25 107 108 121
25 107 108 120
93 108 120 121
93 108 121 122
12 108 109 122
84 108 109 121
31 109 121 122
20 109 122 123
67 109 110 123
49 109 110 122
77 110 122 123
60 110 123 124
97 110 111 124
36 110 111 123
20 111 123 124
73 111 124 125
79 111 112 125
84 111 112 124
35 112 124 125
14 112 125 126
26 112 113 126
90 112 113 125
5 113 125 126
10 113 126 127
14 113 114 127
20 113 114 126
35 114 126 127
75 114 127 128
72 114 115 128
80 114 115 127
98 115 127 128
52 115 128 129
55 115 116 129
53 115 116 128
70 116 128 129
41 116 129 130
44 116 117 130
18 116 117 129
96 117 129 130
41 118 131 132
24 118 119 132
83 118 119 131
37 119 131 132
52 119 132 133
22 119 120 133
32 119 120 132
36 120 132 133
48 120 133 134
7 120 121 134
64 120 121 133
73 121 133 134
1 121 134 135
8 121 122 135
94 121 122 134
51 122 134 135
11 122 135 136
29 122 123 136
17 122 123 135
40 123 135 136
6 123 136 137
86 123 124 137
86 123 124 136
11 124 136 137
55 124 137 138
29 124 125 138
96 124 125 137
85 125 137 138
55 125 138 139
50 125 126 139
9 125 126 138
72 126 138 139
98 126 139 140
90 126 127 140
70 126 127 139
93 127 139 140
85 127 140 141
63 127 128 141
83 127 128 140
43 128 140 141
73 128 141 142
89 128 129 142
9 128 129 141
22 129 141 142
92 129 142 143
97 129 130 143
7 129 130 142
5 130 142 143
90 131 144 145
73 131 132 145
72 131 132 144
0 132 144 145
97 132 145 146
35 132 133 146
8 132 133 145
62 133 145 146
3 133 146 147
63 133 134 147
45 133 134 146
56 134 146 147
70 134 147 148
34 134 135 148
17 134 135 147
88 135 147 148
47 135 148 149
30 135 136 149
20 135 136 148
5 136 148 149
12 136 149 150
7 136 137 150
33 136 137 149
96 137 149 150
13 137 150 151
49 137 138 151
75 137 138 150
37 138 150 151
6 138 151 152
5 138 139 152
92 138 139 151
19 139 151 152
73 139 152 153
94 139 140 153
2 139 140 152
100 140 152 153
55 140 153 154
12 140 141 154
36 140 141 153
85 141 153 154
63 141 154 155
95 141 142 155
66 141 142 154
67 142 154 155
96 142 155 156
71 142 143 156
30 142 143 155
77 143 155 156
83 144 157 158
8 144 145 158
30 144 145 157
99 145 157 158
69 145 158 159
20 145 146 159
65 145 146 158
30 146 158 159
62 146 159 160
39 146 147 160
0 146 147 159
73 147 159 160
92 147 160 161
79 147 148 161
100 147 148 160
41 148 160 161
72 148 161 162
66 148 149 162
58 148 149 161
41 149 161 162
26 149 162 163
23 149 150 163
66 149 150 162
1 150 162 163
91 150 163 164
72 150 151 164
73 150 151 163
12 151 163 164
6 151 164 165
26 151 152 165
90 151 152 164
27 152 164 165
90 152 165 166
97 152 153 166
91 152 153 165
73 153 165 166
76 153 166 167
9 153 154 167
23 153 154 166
57 154 166 167
80 154 167 168
27 154 155 168
96 154 155 167
62 155 167 168
67 155 168 169
88 155 156 169
70 155 156 168
49 156 168 169
33 157 170 171
92 157 158 171
33 157 158 170
92 158 170 171
98 158 171 172
80 158 159 172
59 158 159 171
15 159 171 172
41 159 172 173
55 159 160 173
37 159 160 172
12 160 172 173
94 160 173 174
74 160 161 174
64 160 161 173
8 161 173 174
61 161 174 175
8 161 162 175
52 161 162 174
60 162 174 175
18 162 175 176
26 162 163 176
47 162 163 175
83 163 175 176
82 163 176 177
83 163 164 177
16 163 164 176
6 164 176 177
43 164 177 178
47 164 165 178
19 164 165 177
26 165 177 178
23 165 178 179
67 165 166 179
66 165 166 178
59 166 178 179
7 166 179 180
91 166 167 180
6 166 167 179
4 167 179 180
46 167 180 181
11 167 168 181
61 167 168 180
7 168 180 181
96 168 181 182
18 168 169 182
91 168 169 181
77 169 181 182
95 169 182 183
27 170 196 197
29 170 171 197
69 170 171 196
72 171 196 197
85 171 197 198
51 171 172 198
66 171 172 197
68 172 197 198
86 172 198 199
75 172 173 199
70 172 173 198
97 173 198 199
40 173 199 200
68 173 174 200
16 173 174 199
30 174 199 200
19 174 200 201
69 174 175 201
45 174 175 200
53 175 200 201
97 175 201 202
67 175 176 202
67 175 176 201
68 176 201 202
57 176 202 203
82 176 177 203
60 176 177 202
16 177 202 203
98 177 203 204
18 177 178 204
36 177 178 203
30 178 203 204
62 178 204 205
99 178 179 205
67 178 179 204
32 179 204 205
40 179 205 206
7 179 180 206
99 179 180 205
98 180 205 206
52 180 206 207
18 180 181 207
81 180 181 206
79 181 206 207
11 181 207 208
48 181 182 208
16 181 182 207
35 182 207 208
95 182 208 209
23 182 183 209
93 182 183 208
72 183 208 209
7 183 209 210
88 183 184 210
97 183 184 209
45 184 209 210
27 184 210 211
92 184 185 211
47 184 185 210
23 185 210 211
16 185 211 212
37 185 186 212
26 185 186 211
57 186 211 212
36 186 212 213
65 186 187 213
85 186 187 212
47 187 212 213
97 187 213 214
2 187 188 214
40 187 188 213
33 188 213 214
77 188 214 215
79 188 189 215
23 188 189 214
69 189 214 215
98 189 215 216
28 189 190 216
35 189 190 215
7 190 215 216
83 190 216 217
52 190 191 217
52 190 191 216
62 191 216 217
43 191 217 218
8 191 192 218
28 191 192 217
81 192 217 218
8 192 218 219
38 192 193 219
65 192 193 218
89 193 218 219
20 193 219 220
15 193 194 220
84 193 194 219
1 194 219 220
92 194 220 221
50 194 195 221
83 194 195 220
0 195 220 221
8 196 222 223
11 196 197 223
46 196 197 222
54 197 222 223
99 197 223 224
30 197 198 224
58 197 198 223
43 198 223 224
33 198 224 225
53 198 199 225
15 198 199 224
43 199 224 225
61 199 225 226
75 199 200 226
60 199 200 225
10 200 225 226
30 200 226 227
75 200 201 227
38 200 201 226
38 201 226 227
50 201 227 228
28 201 202 228
17 201 202 227
23 202 227 228
27 202 228 229
66 202 203 229
85 202 203 228
47 203 228 229
35 203 229 230
94 203 204 230
89 203 204 229
52 204 229 230
0 204 230 231
2 204 205 231
64 204 205 230
41 205 230 231
6 205 231 232
54 205 206 232
37 205 206 231
25 206 231 232
24 206 232 233
1 206 207 233
66 206 207 232
60 207 232 233
26 207 233 234
66 207 208 234
78 207 208 233
73 208 233 234
2 208 234 235
26 208 209 235
88 208 209 234
6 209 234 235
82 209 235 236
42 209 210 236
2 209 210 235
61 210 235 236
35 210 236 237
38 210 211 237
91 210 211 236
33 211 236 237
27 211 237 238
1 211 212 238
86 211 212 237
2 212 237 238
79 212 238 239
24 212 213 239
87 212 213 238
49 213 238 239
66 213 239 240
85 213 214 240
58 213 214 239
92 214 239 240
95 214 240 241
76 214 215 241
64 214 215 240
48 215 240 241
78 215 241 242
89 215 216 242
27 215 216 241
22 216 241 242
66 216 242 243
3 216 217 243
71 216 217 242
99 217 242 243
51 217 243 244
36 217 218 244
19 217 218 243
94 218 243 244
10 218 244 245
47 218 219 245
39 218 219 244
76 219 244 245
42 219 245 246
80 219 220 246
81 219 220 245
96 220 245 246
91 220 246 247
100 220 221 247
88 220 221 246
85 221 246 247
30 222 248 249
13 222 223 249
95 222 223 248
51 223 248 249
89 223 249 250
78 223 224 250
51 223 224 249
47 224 249 250
21 224 250 251
25 224 225 251
67 224 225 250
15 225 250 251
0 225 251 252
84 225 226 252
90 225 226 251
26 226 251 252
65 226 252 253
62 226 227 253
44 226 227 252
27 227 252 253
64 227 253 254
13 227 228 254
29 227 228 253
52 228 253 254
94 228 254 255
4 228 229 255
35 228 229 254
2 229 254 255
100 229 255 256
83 229 230 256
85 229 230 255
54 230 255 256
69 230 256 257
70 230 231 257
76 230 231 256
30 231 256 257
36 231 257 258
43 231 232 258
21 231 232 257
86 232 257 258
41 232 258 259
90 232 233 259
4 232 233 258
100 233 258 259
34 233 259 260
25 233 234 260
36 233 234 259
80 234 259 260
20 234 260 261
71 234 235 261
70 234 235 260
50 235 260 261
20 235 261 262
100 235 236 262
32 235 236 261
71 236 261 262
91 236 262 263
87 236 237 263
15 236 237 262
55 237 262 263
96 237 263 264
6 237 238 264
85 237 238 263
50 238 263 264
52 238 264 265
97 238 239 265
51 238 239 264
52 239 264 265
79 239 265 266
13 239 240 266
15 239 240 265
74 240 265 266
63 240 266 267
99 240 241 267
75 240 241 266
36 241 266 267
32 241 267 268
11 241 242 268
85 241 242 267
42 242 267 268
40 242 268 269
64 242 243 269
41 242 243 268
80 243 268 269
55 243 269 270
79 243 244 270
14 243 244 269
84 244 269 270
21 244 270 271
99 244 245 271
87 244 245 270
23 245 270 271
32 245 271 272
1 245 246 272
5 245 246 271
78 246 271 272
42 246 272 273
65 246 247 273
83 246 247 272
0 247 272 273
100 248 274 275
84 248 249 275
46 248 249 274
74 249 274 275
9 249 275 276
96 249 250 276
40 249 250 275
66 250 275 276
58 250 276 277
99 250 251 277
95 250 251 276
56 251 276 277
54 251 277 278
89 251 252 278
72 251 252 277
11 252 277 278
26 252 278 279
76 252 253 279
10 252 253 278
52 253 278 279
85 253 279 280
5 253 254 280
73 253 254 279
86 254 279 280
50 254 280 281
40 254 255 281
27 254 255 280
96 255 280 281
73 255 281 282
98 255 256 282
71 255 256 281
88 256 281 282
17 256 282 283
98 256 257 283
63 256 257 282
25 257 282 283
66 257 283 284
41 257 258 284
43 257 258 283
51 258 283 284
15 258 284 285
71 258 259 285
69 258 259 284
84 259 284 285
65 259 285 286
9 259 260 286
74 259 260 285
74 260 285 286
21 260 286 287
95 260 261 287
32 260 261 286
20 261 286 287
95 261 287 288
1 261 262 288
49 261 262 287
2 262 287 288
57 262 288 289
72 262 263 289
33 262 263 288
96 263 288 289
46 263 289 290
98 263 264 290
1 263 264 289
52 264 289 290
11 264 290 291
41 264 265 291
30 264 265 290
55 265 290 291
69 265 291 292
47 265 266 292
9 265 266 291
55 266 291 292
21 266 292 293
43 266 267 293
84 266 267 292
67 267 292 293
20 267 293 294
18 267 268 294
97 267 268 293
21 268 293 294
20 268 294 295
88 268 269 295
83 268 269 294
0 269 294 295
12 269 295 296
22 269 270 296
77 269 270 295
66 270 295 296
12 270 296 297
2 270 271 297
4 270 271 296
11 271 296 297
76 271 297 298
19 271 272 298
92 271 272 297
96 272 297 298
73 272 298 299
85 272 273 299
94 272 273 298
80 273 298 299
2 274 300 301
90 274 275 301
72 274 275 300
86 275 300 301
70 275 301 302
48 275 276 302
67 275 276 301
59 276 301 302
100 276 302 303
62 276 277 303
0 276 277 302
22 277 302 303
69 277 303 304
0 277 278 304
64 277 278 303
18 278 303 304
43 278 304 305
59 278 279 305
30 278 279 304
24 279 304 305
2 279 305 306
6 279 280 306
93 279 280 305
12 280 305 306
76 280 306 307
3 280 281 307
16 280 281 306
64 281 306 307
10 281 307 308
20 281 282 308
98 281 282 307
28 282 307 308
14 282 308 309
52 282 283 309
73 282 283 308
63 283 308 309
31 283 309 310
57 283 284 310
51 283 284 309
93 284 309 310
12 284 310 311
95 284 285 311
90 284 285 310
40 285 310 311
96 285 311 312
72 285 286 312
3 285 286 311
9 286 311 312
57 286 312 313
33 286 287 313
92 286 287 312
66 287 312 313
82 287 313 314
0 287 288 314
12 287 288 313
35 288 313 314
31 288 314 315
11 288 289 315
35 288 289 314
17 289 314 315
62 289 315 316
84 289 290 316
91 289 290 315
64 290 315 316
43 290 316 317
29 290 291 317
10 290 291 316
26 291 316 317
97 291 317 318
100 291 292 318
4 291 292 317
57 292 317 318
64 292 318 319
63 292 293 319
96 292 293 318
12 293 318 319
73 293 319 320
100 293 294 320
11 293 294 319
12 294 319 320
47 294 320 321
100 294 295 321
71 294 295 320
49 295 320 321
55 295 321 322
90 295 296 322
15 295 296 321
57 296 321 322
54 296 322 323
21 296 297 323
52 296 297 322
51 297 322 323
80 297 323 324
76 297 298 324
87 297 298 323
41 298 323 324
44 298 324 325
83 298 299 325
90 298 299 324
2 299 324 325
65 300 326 327
92 300 301 327
3 300 301 326
28 301 326 327
72 301 327 328
40 301 302 328
9 301 302 327
99 302 327 328
48 302 328 329
43 302 303 329
61 302 303 328
0 303 328 329
22 303 329 330
0 303 304 330
85 303 304 329
68 304 329 330
14 304 330 331
24 304 305 331
21 304 305 330
32 305 330 331
76 305 331 332
89 305 306 332
40 305 306 331
7 306 331 332
86 306 332 333
32 306 307 333
74 306 307 332
30 307 332 333
28 307 333 334
43 307 308 334
83 307 308 333
35 308 333 334
45 308 334 335
100 308 309 335
20 308 309 334
0 309 334 335
14 309 335 336
42 309 310 336
19 309 310 335
10 310 335 336
69 310 336 337
58 310 311 337
99 310 311 336
25 311 336 337
88 311 337 338
49 311 312 338
99 311 312 337
97 312 337 338
34 312 338 339
50 312 313 339
95 312 313 338
80 313 338 339
55 313 339 340
56 313 314 340
97 313 314 339
100 314 339 340
57 314 340 341
56 314 315 341
97 314 315 340
66 315 340 341
61 315 341 342
39 315 316 342
64 315 316 341
72 316 341 342
13 316 342 343
68 316 317 343
59 316 317 342
59 317 342 343
34 317 343 344
86 317 318 344
74 317 318 343
35 318 343 344
44 318 344 345
65 318 319 345
3 318 319 344
37 319 344 345
18 319 345 346
84 319 320 346
99 319 320 345
5 320 345 346
50 320 346 347
74 320 321 347
9 320 321 346
99 321 346 347
49 321 347 348
46 321 322 348
94 321 322 347
75 322 347 348
44 322 348 349
12 322 323 349
25 322 323 348
35 323 348 349
85 323 349 350
51 323 324 350
15 323 324 349
13 324 349 350
1 324 350 351
63 324 325 351
0 324 325 350
37 325 350 351
40 326 352 353
39 326 327 353
80 326 327 352
2 327 352 353
82 327 353 354
61 327 328 354
23 327 328 353
2 328 353 354
11 328 354 355
16 328 329 355
29 328 329 354
4 329 354 355
21 329 355 356
71 329 330 356
89 329 330 355
0 330 355 356
93 330 356 357
48 330 331 357
6 330 331 356
44 331 356 357
60 331 357 358
78 331 332 358
59 331 332 357
15 332 357 358
1 332 358 359
62 332 333 359
92 332 333 358
85 333 358 359
83 333 359 360
42 333 334 360
93 333 334 359
68 334 359 360
82 334 360 361
52 334 335 361
57 334 335 360
9 335 360 361
27 335 361 362
94 335 336 362
71 335 336 361
64 336 361 362
1 336 362 363
1 336 337 363
55 336 337 362
94 337 362 363
84 337 363 364
70 337 338 364
32 337 338 363
98 338 363 364
39 338 364 365
48 338 339 365
12 338 339 364
65 339 364 365
6 339 365 366
2 339 340 366
19 339 340 365
50 340 365 366
75 340 366 367
51 340 341 367
1 340 341 366
44 341 366 367
14 341 367 368
67 341 342 368
78 341 342 367
88 342 367 368
94 342 368 369
59 342 343 369
78 342 343 368
57 343 368 369
5 343 369 370
43 343 344 370
24 343 344 369
12 344 369 370
57 344 370 371
53 344 345 371
22 344 345 370
98 345 370 371
67 345 371 372
85 345 346 372
88 345 346 371
29 346 371 372
82 346 372 373
13 346 347 373
79 346 347 372
35 347 372 373
97 347 373 374
32 347 348 374
55 347 348 373
9 348 373 374
55 348 374 375
33 348 349 375
42 348 349 374
40 349 374 375
57 349 375 376
69 349 350 376
29 349 350 375
55 350 375 376
1 350 376 377
1 350 351 377
90 350 351 376
94 351 376 377
69 352 378 379
15 352 353 379
57 352 353 378
3 353 378 379
38 353 379 380
94 353 354 380
36 353 354 379
25 354 379 380
48 354 380 381
54 354 355 381
1 354 355 380
33 355 380 381
92 355 381 382
48 355 356 382
99 355 356 381
32 356 381 382
45 356 382 383
22 356 357 383
56 356 357 382
71 357 382 383
94 357 383 384
43 357 358 384
14 357 358 383
42 358 383 384
52 358 384 385
59 358 359 385
21 358 359 384
9 359 384 385
49 359 385 386
13 359 360 386
2 359 360 385
81 360 385 386
49 360 386 387
37 360 361 387
22 360 361 386
4 361 386 387
9 361 387 388
86 361 362 388
11 361 362 387
15 362 387 388
95 362 388 389
9 362 363 389
23 362 363 388
91 363 388 389
66 363 389 390
10 363 364 390
23 363 364 389
92 364 389 390
71 364 390 391
39 364 365 391
13 364 365 390
84 365 390 391
90 365 391 392
54 365 366 392
63 365 366 391
69 366 391 392
71 366 392 393
23 366 367 393
96 366 367 392
72 367 392 393
49 367 393 394
95 367 368 394
51 367 368 393
12 368 393 394
56 368 394 395
51 368 369 395
84 368 369 394
61 369 394 395
86 369 395 396
98 369 370 396
69 369 370 395
95 370 395 396
92 370 396 397
63 370 371 397
42 370 371 396
7 371 396 397
67 371 397 398
93 371 372 398
87 371 372 397
54 372 397 398
77 372 398 399
19 372 373 399
16 372 373 398
16 373 398 399
36 373 399 400
79 373 374 400
88 373 374 399
22 374 399 400
36 374 400 401
16 374 375 401
4 374 375 400
37 375 400 401
74 375 401 402
75 375 376 402
72 375 376 401
57 376 401 402
83 376 402 403
49 376 377 403
43 376 377 402
64 377 402 403
23 378 404 405
8 378 379 405
41 378 379 404
12 379 404 405
8 379 405 406
12 379 380 406
33 379 380 405
55 380 405 406
53 380 406 407
57 380 381 407
1 380 381 406
27 381 406 407
24 381 407 408
92 381 382 408
1 381 382 407
30 382 407 408
84 382 408 409
70 382 383 409
33 382 383 408
19 383 408 409
65 383 409 410
14 383 384 410
40 383 384 409
89 384 409 410
97 384 410 411
0 384 385 411
7 384 385 410
38 385 410 411
74 385 411 412
12 385 386 412
99 385 386 411
11 386 411 412
95 386 412 413
74 386 387 413
13 386 387 412
87 387 412 413
6 387 413 414
48 387 388 414
94 387 388 413
21 388 413 414
84 388 414 415
68 388 389 415
60 388 389 414
96 389 414 415
73 389 415 416
60 389 390 416
47 389 390 415
29 390 415 416
71 390 416 417
96 390 391 417
26 390 391 416
40 391 416 417
61 391 417 418
64 391 392 418
66 391 392 417
77 392 417 418
95 392 418 419
61 392 393 419
91 392 393 418
62 393 418 419
40 393 419 420
32 393 394 420
66 393 394 419
84 394 419 420
17 394 420 421
99 394 395 421
3 394 395 420
52 395 420 421
34 395 421 422
77 395 396 422
40 395 396 421
97 396 421 422
67 396 422 423
79 396 397 423
37 396 397 422
4 397 422 423
58 397 423 424
60 397 398 424
63 397 398 423
26 398 423 424
72 398 424 425
47 398 399 425
84 398 399 424
25 399 424 425
48 399 425 426
28 399 400 426
20 399 400 425
7 400 425 426
68 400 426 427
73 400 401 427
44 400 401 426
45 401 426 427
78 401 427 428
31 401 402 428
44 401 402 427
70 402 427 428
31 402 428 429
18 402 403 429
100 402 403 428
85 403 428 429
30 404 430 431
50 404 405 431
10 404 405 430
1 405 430 431
87 405 431 432
54 405 406 432
17 405 406 431
79 406 431 432
96 406 432 433
54 406 407 433
100 406 407 432
83 407 432 433
85 407 433 434
97 407 408 434
3 407 408 433
99 408 433 434
42 408 434 435
90 408 409 435
28 408 409 434
69 409 434 435
53 409 435 436
34 409 410 436
91 409 410 435
58 410 435 436
55 410 436 437
24 410 411 437
5 410 411 436
38 411 436 437
20 411 437 438
41 411 412 438
1 411 412 437
30 412 437 438
84 412 438 439
42 412 413 439
64 412 413 438
2 413 438 439
42 413 439 440
79 413 414 440
55 413 414 439
29 414 439 440
69 414 440 441
100 414 415 441
30 414 415 440
3 415 440 441
5 415 441 442
87 415 416 442
40 415 416 441
7 416 441 442
18 416 442 443
14 416 417 443
87 416 417 442
69 417 442 443
74 417 443 444
70 417 418 444
7 417 418 443
83 418 443 444
84 418 444 445
83 418 419 445
25 418 419 444
85 419 444 445
57 419 445 446
97 419 420 446
18 419 420 445
73 420 445 446
63 420 446 447
40 420 421 447
26 420 421 446
33 421 446 447
55 421 447 448
51 421 422 448
84 421 422 447
14 422 447 448
60 422 448 449
51 422 423 449
5 422 423 448
21 423 448 449
92 423 449 450
2 423 424 450
58 423 424 449
72 424 449 450
23 424 450 451
9 424 425 451
12 424 425 450
17 425 450 451
84 425 451 452
62 425 426 452
72 425 426 451
28 426 451 452
37 426 452 453
77 426 427 453
74 426 427 452
15 427 452 453
40 427 453 454
14 427 428 454
68 427 428 453
29 428 453 454
97 428 454 455
20 428 429 455
1 428 429 454
14 429 454 455
5 430 456 457
57 430 431 457
59 430 431 456
82 431 456 457
62 431 457 458
55 431 432 458
74 431 432 457
42 432 457 458
12 432 458 459
19 432 433 459
88 432 433 458
28 433 458 459
65 433 459 460
25 433 434 460
17 433 434 459
43 434 459 460
22 434 460 461
69 434 435 461
29 434 435 460
25 435 460 461
60 435 461 462
8 435 436 462
3 435 436 461
27 436 461 462
90 436 462 463
93 436 437 463
92 436 437 462
7 437 462 463
16 437 463 464
4 437 438 464
71 437 438 463
91 438 463 464
71 438 464 465
100 438 439 465
100 438 439 464
1 439 464 465
26 439 465 466
55 439 440 466
40 439 440 465
99 440 465 466
57 440 466 467
69 440 441 467
81 440 441 466
13 441 466 467
53 441 467 468
78 441 442 468
57 441 442 467
0 442 467 468
55 442 468 469
83 442 443 469
43 442 443 468
57 443 468 469
42 443 469 470
8 443 444 470
87 443 444 469
24 444 469 470
85 444 470 471
16 444 445 471
21 444 445 470
53 445 470 471
2 445 471 472
37 445 446 472
100 445 446 471
52 446 471 472
52 446 472 473
18 446 447 473
35 446 447 472
70 447 472 473
95 447 473 474
82 447 448 474
41 447 448 473
4 448 473 474
99 448 474 475
55 448 449 475
27 448 449 474
55 449 474 475
90 449 475 476
97 449 450 476
98 449 450 475
96 450 475 476
9 450 476 477
90 450 451 477
59 450 451 476
22 451 476 477
1 451 477 478
14 451 452 478
60 451 452 477
63 452 477 478
18 452 478 479
50 452 453 479
98 452 453 478
3 453 478 479
85 453 479 480
87 453 454 480
22 453 454 479
55 454 479 480
82 454 480 481
77 454 455 481
51 454 455 480
2 455 480 481
25 456 482 483
12 456 457 483
69 456 457 482
94 457 482 483
96 457 483 484
10 457 458 484
78 457 458 483
39 458 483 484
55 458 484 485
54 458 459 485
93 458 459 484
40 459 484 485
40 459 485 486
36 459 460 486
64 459 460 485
100 460 485 486
76 460 486 487
76 460 461 487
46 460 461 486
5 461 486 487
67 461 487 488
41 461 462 488
84 461 462 487
41 462 487 488
54 462 488 489
30 462 463 489
68 462 463 488
64 463 488 489
89 463 489 490
25 463 464 490
10 463 464 489
88 464 489 490
86 464 490 491
90 464 465 491
74 464 465 490
42 465 490 491
47 465 491 492
20 465 466 492
26 465 466 491
18 466 491 492
58 466 492 493
38 466 467 493
97 466 467 492
41 467 492 493
88 467 493 494
30 467 468 494
52 467 468 493
91 468 493 494
29 468 494 495
49 468 469 495
72 468 469 494
86 469 494 495
89 469 495 496
54 469 470 496
48 469 470 495
19 470 495 496
28 470 496 497
20 470 471 497
59 470 471 496
4 471 496 497
57 471 497 498
16 471 472 498
17 471 472 497
42 472 497 498
44 472 498 499
51 472 473 499
33 472 473 498
94 473 498 499
53 473 499 500
39 473 474 500
46 473 474 499
88 474 499 500
96 474 500 501
16 474 475 501
31 474 475 500
83 475 500 501
57 475 501 502
40 475 476 502
66 475 476 501
52 476 501 502
92 476 502 503
7 476 477 503
19 476 477 502
45 477 502 503
25 477 503 504
83 477 478 504
16 477 478 503
84 478 503 504
83 478 504 505
82 478 479 505
1 478 479 504
9 479 504 505
100 479 505 506
97 479 480 506
94 479 480 505
80 480 505 506
63 480 506 507
92 480 481 507
93 480 481 506
29 481 506 507
