85 1 15 16
1 1 2 16
61 1 2 15
4 2 15 16
36 2 16 17
41 2 3 17
21 2 3 16
60 3 16 17
60 3 17 18
99 3 4 18
90 3 4 17
49 4 17 18
93 4 18 19
70 4 5 19
97 4 5 18
90 5 18 19
1 5 19 20
90 5 6 20
50 5 6 19
99 6 19 20
46 6 20 21
33 6 7 21
68 6 7 20
7 7 20 21
51 7 21 22
39 7 8 22
82 7 8 21
64 8 21 22
10 8 22 23
92 8 9 23
60 8 9 22
42 9 22 23
27 9 23 24
50 9 10 24
83 9 10 23
1 10 23 24
30 10 24 25
63 10 11 25
58 10 11 24
5 11 24 25
98 11 25 26
77 11 12 26
54 11 12 25
22 12 25 26
70 12 26 27
36 12 13 27
63 12 13 26
49 13 26 27
74 13 27 28
10 13 14 28
39 13 14 27
77 14 27 28
87 15 29 30
35 15 16 30
91 15 16 29
41 16 29 30
99 16 30 31
42 16 17 31
26 16 17 30
75 17 30 31
69 17 31 32
73 17 18 32
41 17 18 31
10 18 31 32
39 18 32 33
88 18 19 33
100 18 19 32
57 19 32 33
100 19 33 34
5 19 20 34
39 19 20 33
77 20 33 34
64 20 34 35
35 20 21 35
95 20 21 34
22 21 34 35
1 21 35 36
43 21 22 36
60 21 22 35
6 22 35 36
33 22 36 37
62 22 23 37
34 22 23 36
5 23 36 37
64 23 37 38
4 23 24 38
29 23 24 37
18 24 37 38
22 24 38 39
16 24 25 39
19 24 25 38
46 25 38 39
89 25 39 40
94 25 26 40
93 25 26 39
65 26 39 40
85 26 40 41
67 26 27 41
47 26 27 40
86 27 40 41
46 27 41 42
1 27 28 42
91 27 28 41
86 28 41 42
40 29 43 44
48 29 30 44
57 29 30 43
21 30 43 44
57 30 44 45
19 30 31 45
83 30 31 44
40 31 44 45
30 31 45 46
43 31 32 46
21 31 32 45
18 32 45 46
7 32 46 47
87 32 33 47
76 32 33 46
15 33 46 47
89 33 47 48
1 33 34 48
20 33 34 47
80 34 47 48
7 34 48 49
95 34 35 49
22 34 35 48
11 35 48 49
34 35 49 50
93 35 36 50
43 35 36 49
1 36 49 50
62 36 50 51
78 36 37 51
86 36 37 50
99 37 50 51
50 37 51 52
87 37 38 52
13 37 38 51
51 38 51 52
91 38 52 53
59 38 39 53
12 38 39 52
10 39 52 53
33 39 53 54
98 39 40 54
10 39 40 53
24 40 53 54
78 40 54 55
89 40 41 55
0 40 41 54
2 41 54 55
30 41 55 56
19 41 42 56
26 41 42 55
57 42 55 56
42 43 57 58
58 43 44 58
62 43 44 57
76 44 57 58
30 44 58 59
15 44 45 59
83 44 45 58
96 45 58 59
37 45 59 60
38 45 46 60
17 45 46 59
75 46 59 60
91 46 60 61
17 46 47 61
27 46 47 60
12 47 60 61
78 47 61 62
51 47 48 62
77 47 48 61
35 48 61 62
21 48 62 63
97 48 49 63
27 48 49 62
62 49 62 63
36 49 63 64
48 49 50 64
100 49 50 63
48 50 63 64
96 50 64 65
22 50 51 65
72 50 51 64
18 51 64 65
76 51 65 66
66 51 52 66
74 51 52 65
30 52 65 66
7 52 66 67
75 52 53 67
76 52 53 66
4 53 66 67
89 53 67 68
30 53 54 68
66 53 54 67
55 54 67 68
90 54 68 69
21 54 55 69
8 54 55 68
6 55 68 69
68 55 69 70
100 55 56 70
90 55 56 69
76 56 69 70
7 57 71 72
13 57 58 72
65 57 58 71
16 58 71 72
60 58 72 73
62 58 59 73
57 58 59 72
17 59 72 73
36 59 73 74
89 59 60 74
11 59 60 73
14 60 73 74
80 60 74 75
3 60 61 75
21 60 61 74
91 61 74 75
3 61 75 76
15 61 62 76
26 61 62 75
26 62 75 76
85 62 76 77
41 62 63 77
80 62 63 76
10 63 76 77
61 63 77 78
44 63 64 78
28 63 64 77
18 64 77 78
58 64 78 79
5 64 65 79
12 64 65 78
82 65 78 79
24 65 79 80
58 65 66 80
81 65 66 79
64 66 79 80
1 66 80 81
58 66 67 81
62 66 67 80
88 67 80 81
99 67 81 82
100 67 68 82
89 67 68 81
0 68 81 82
52 68 82 83
31 68 69 83
22 68 69 82
48 69 82 83
96 69 83 84
85 69 70 84
29 69 70 83
15 70 83 84
99 71 85 86
22 71 72 86
51 71 72 85
22 72 85 86
26 72 86 87
75 72 73 87
88 72 73 86
85 73 86 87
80 73 87 88
22 73 74 88
44 73 74 87
54 74 87 88
47 74 88 89
90 74 75 89
23 74 75 88
99 75 88 89
55 75 89 90
22 75 76 90
67 75 76 89
29 76 89 90
57 76 90 91
69 76 77 91
27 76 77 90
90 77 90 91
44 77 91 92
91 77 78 92
53 77 78 91
71 78 91 92
30 78 92 93
51 78 79 93
15 78 79 92
73 79 92 93
37 79 93 94
50 79 80 94
18 79 80 93
83 80 93 94
65 80 94 95
54 80 81 95
2 80 81 94
11 81 94 95
0 81 95 96
82 81 82 96
25 81 82 95
35 82 95 96
72 82 96 97
10 82 83 97
74 82 83 96
43 83 96 97
10 83 97 98
90 83 84 98
34 83 84 97
27 84 97 98
25 85 99 100
77 85 86 100
63 85 86 99
32 86 99 100
59 86 100 101
91 86 87 101
73 86 87 100
81 87 100 101
54 87 101 102
81 87 88 102
65 87 88 101
98 88 101 102
52 88 102 103
100 88 89 103
59 88 89 102
16 89 102 103
95 89 103 104
87 89 90 104
30 89 90 103
54 90 103 104
57 90 104 105
18 90 91 105
11 90 91 104
63 91 104 105
43 91 105 106
49 91 92 106
43 91 92 105
65 92 105 106
73 92 106 107
17 92 93 107
62 92 93 106
60 93 106 107
79 93 107 108
44 93 94 108
27 93 94 107
52 94 107 108
25 94 108 109
36 94 95 109
27 94 95 108
12 95 108 109
80 95 109 110
88 95 96 110
0 95 96 109
64 96 109 110
57 96 110 111
39 96 97 111
64 96 97 110
93 97 110 111
78 97 111 112
23 97 98 112
65 97 98 111
91 98 111 112
17 99 113 114
12 99 100 114
32 99 100 113
42 100 113 114
34 100 114 115
33 100 101 115
43 100 101 114
68 101 114 115
90 101 115 116
96 101 102 116
36 101 102 115
92 102 115 116
16 102 116 117
49 102 103 117
95 102 103 116
95 103 116 117
69 103 117 118
46 103 104 118
76 103 104 117
12 104 117 118
94 104 118 119
11 104 105 119
87 104 105 118
37 105 118 119
96 105 119 120
72 105 106 120
7 105 106 119
43 106 119 120
14 106 120 121
89 106 107 121
54 106 107 120
31 107 120 121
25 107 121 122
60 107 108 122
15 107 108 121
36 108 121 122
6 108 122 123
21 108 109 123
40 108 109 122
69 109 122 123
2 109 123 124
56 109 110 124
92 109 110 123
83 110 123 124
3 110 124 125
78 110 111 125
21 110 111 124
62 111 124 125
47 111 125 126
55 111 112 126
29 111 112 125
46 112 125 126
7 113 127 128
80 113 114 128
92 113 114 127
80 114 127 128
70 114 128 129
60 114 115 129
39 114 115 128
53 115 128 129
2 115 129 130
61 115 116 130
71 115 116 129
60 116 129 130
14 116 130 131
97 116 117 131
55 116 117 130
73 117 130 131
1 117 131 132
30 117 118 132
48 117 118 131
20 118 131 132
25 118 132 133
82 118 119 133
13 118 119 132
97 119 132 133
58 119 133 134
16 119 120 134
63 119 120 133
42 120 133 134
99 120 134 135
69 120 121 135
35 120 121 134
100 121 134 135
97 121 135 136
37 121 122 136
25 121 122 135
10 122 135 136
26 122 136 137
17 122 123 137
1 122 123 136
41 123 136 137
84 123 137 138
56 123 124 138
53 123 124 137
54 124 137 138
49 124 138 139
17 124 125 139
11 124 125 138
14 125 138 139
96 125 139 140
30 125 126 140
13 125 126 139
14 126 139 140
78 127 141 142
86 127 128 142
17 127 128 141
63 128 141 142
32 128 142 143
81 128 129 143
29 128 129 142
43 129 142 143
84 129 143 144
71 129 130 144
44 129 130 143
31 130 143 144
54 130 144 145
40 130 131 145
25 130 131 144
25 131 144 145
13 131 145 146
43 131 132 146
46 131 132 145
38 132 145 146
11 132 146 147
24 132 133 147
74 132 133 146
5 133 146 147
98 133 147 148
10 133 134 148
17 133 134 147
66 134 147 148
65 134 148 149
32 134 135 149
67 134 135 148
63 135 148 149
13 135 149 150
79 135 136 150
29 135 136 149
97 136 149 150
43 136 150 151
24 136 137 151
91 136 137 150
55 137 150 151
28 137 151 152
20 137 138 152
68 137 138 151
58 138 151 152
50 138 152 153
88 138 139 153
18 138 139 152
82 139 152 153
83 139 153 154
13 139 140 154
60 139 140 153
74 140 153 154
41 141 155 156
10 141 142 156
10 141 142 155
12 142 155 156
7 142 156 157
28 142 143 157
1 142 143 156
94 143 156 157
73 143 157 158
21 143 144 158
76 143 144 157
46 144 157 158
46 144 158 159
8 144 145 159
65 144 145 158
82 145 158 159
30 145 159 160
90 145 146 160
28 145 146 159
82 146 159 160
92 146 160 161
15 146 147 161
44 146 147 160
26 147 160 161
35 147 161 162
20 147 148 162
92 147 148 161
7 148 161 162
45 148 162 163
56 148 149 163
36 148 149 162
4 149 162 163
32 149 163 164
52 149 150 164
76 149 150 163
96 150 163 164
59 150 164 165
30 150 151 165
53 150 151 164
98 151 164 165
64 151 165 166
100 151 152 166
54 151 152 165
27 152 165 166
76 152 166 167
33 152 153 167
30 152 153 166
55 153 166 167
44 153 167 168
4 153 154 168
57 153 154 167
80 154 167 168
92 155 169 170
86 155 156 170
90 155 156 169
26 156 169 170
54 156 170 171
12 156 157 171
12 156 157 170
100 157 170 171
63 157 171 172
58 157 158 172
28 157 158 171
69 158 171 172
98 158 172 173
1 158 159 173
52 158 159 172
69 159 172 173
25 159 173 174
66 159 160 174
46 159 160 173
44 160 173 174
2 160 174 175
17 160 161 175
96 160 161 174
36 161 174 175
88 161 175 176
54 161 162 176
48 161 162 175
43 162 175 176
37 162 176 177
2 162 163 177
36 162 163 176
13 163 176 177
16 163 177 178
80 163 164 178
67 163 164 177
39 164 177 178
77 164 178 179
28 164 165 179
91 164 165 178
42 165 178 179
33 165 179 180
13 165 166 180
36 165 166 179
59 166 179 180
35 166 180 181
9 166 167 181
78 166 167 180
12 167 180 181
72 167 181 182
89 167 168 182
11 167 168 181
53 168 181 182
59 169 183 184
53 169 170 184
16 169 170 183
44 170 183 184
66 170 184 185
82 170 171 185
91 170 171 184
69 171 184 185
76 171 185 186
7 171 172 186
43 171 172 185
64 172 185 186
80 172 186 187
89 172 173 187
38 172 173 186
27 173 186 187
83 173 187 188
75 173 174 188
76 173 174 187
5 174 187 188
41 174 188 189
61 174 175 189
54 174 175 188
39 175 188 189
14 175 189 190
49 175 176 190
70 175 176 189
66 176 189 190
15 176 190 191
69 176 177 191
5 176 177 190
87 177 190 191
62 177 191 192
76 177 178 192
4 177 178 191
2 178 191 192
4 178 192 193
16 178 179 193
53 178 179 192
63 179 192 193
33 179 193 194
68 179 180 194
89 179 180 193
46 180 193 194
21 180 194 195
74 180 181 195
72 180 181 194
68 181 194 195
15 181 195 196
36 181 182 196
73 181 182 195
93 182 195 196
46 183 197 198
31 183 184 198
100 183 184 197
57 184 197 198
66 184 198 199
73 184 185 199
85 184 185 198
97 185 198 199
80 185 199 200
64 185 186 200
3 185 186 199
38 186 199 200
78 186 200 201
88 186 187 201
7 186 187 200
26 187 200 201
51 187 201 202
8 187 188 202
83 187 188 201
52 188 201 202
75 188 202 203
43 188 189 203
81 188 189 202
46 189 202 203
31 189 203 204
40 189 190 204
70 189 190 203
79 190 203 204
55 190 204 205
72 190 191 205
43 190 191 204
61 191 204 205
55 191 205 206
99 191 192 206
52 191 192 205
90 192 205 206
24 192 206 207
16 192 193 207
61 192 193 206
97 193 206 207
12 193 207 208
22 193 194 208
21 193 194 207
71 194 207 208
50 194 208 209
87 194 195 209
26 194 195 208
9 195 208 209
6 195 209 210
66 195 196 210
47 195 196 209
36 196 209 210
63 196 210 211
100 197 225 226
68 197 198 226
63 197 198 225
66 198 225 226
60 198 226 227
11 198 199 227
32 198 199 226
7 199 226 227
98 199 227 228
61 199 200 228
62 199 200 227
98 200 227 228
59 200 228 229
61 200 201 229
77 200 201 228
10 201 228 229
17 201 229 230
48 201 202 230
63 201 202 229
69 202 229 230
94 202 230 231
6 202 203 231
53 202 203 230
46 203 230 231
21 203 231 232
93 203 204 232
86 203 204 231
99 204 231 232
62 204 232 233
98 204 205 233
93 204 205 232
8 205 232 233
29 205 233 234
4 205 206 234
25 205 206 233
58 206 233 234
84 206 234 235
48 206 207 235
100 206 207 234
0 207 234 235
17 207 235 236
46 207 208 236
34 207 208 235
16 208 235 236
57 208 236 237
82 208 209 237
16 208 209 236
71 209 236 237
50 209 237 238
75 209 210 238
32 209 210 237
36 210 237 238
78 210 238 239
34 210 211 239
8 210 211 238
90 211 238 239
58 211 239 240
27 211 212 240
90 211 212 239
32 212 239 240
47 212 240 241
7 212 213 241
58 212 213 240
72 213 240 241
85 213 241 242
66 213 214 242
100 213 214 241
56 214 241 242
80 214 242 243
23 214 215 243
42 214 215 242
86 215 242 243
16 215 243 244
85 215 216 244
64 215 216 243
77 216 243 244
39 216 244 245
6 216 217 245
71 216 217 244
75 217 244 245
0 217 245 246
58 217 218 246
86 217 218 245
37 218 245 246
54 218 246 247
48 218 219 247
23 218 219 246
10 219 246 247
63 219 247 248
73 219 220 248
8 219 220 247
45 220 247 248
88 220 248 249
91 220 221 249
97 220 221 248
84 221 248 249
99 221 249 250
62 221 222 250
65 221 222 249
45 222 249 250
91 222 250 251
14 222 223 251
14 222 223 250
23 223 250 251
19 223 251 252
53 223 224 252
15 223 224 251
66 224 251 252
5 225 253 254
66 225 226 254
36 225 226 253
87 226 253 254
56 226 254 255
26 226 227 255
57 226 227 254
78 227 254 255
8 227 255 256
52 227 228 256
0 227 228 255
22 228 255 256
99 228 256 257
47 228 229 257
11 228 229 256
87 229 256 257
58 229 257 258
7 229 230 258
79 229 230 257
49 230 257 258
58 230 258 259
70 230 231 259
96 230 231 258
73 231 258 259
98 231 259 260
1 231 232 260
73 231 232 259
21 232 259 260
74 232 260 261
42 232 233 261
9 232 233 260
9 233 260 261
77 233 261 262
45 233 234 262
48 233 234 261
44 234 261 262
98 234 262 263
46 234 235 263
26 234 235 262
13 235 262 263
79 235 263 264
34 235 236 264
60 235 236 263
3 236 263 264
78 236 264 265
54 236 237 265
58 236 237 264
10 237 264 265
50 237 265 266
53 237 238 266
37 237 238 265
33 238 265 266
35 238 266 267
35 238 239 267
79 238 239 266
36 239 266 267
61 239 267 268
18 239 240 268
51 239 240 267
59 240 267 268
83 240 268 269
56 240 241 269
71 240 241 268
74 241 268 269
91 241 269 270
96 241 242 270
16 241 242 269
26 242 269 270
10 242 270 271
74 242 243 271
39 242 243 270
97 243 270 271
38 243 271 272
29 243 244 272
65 243 244 271
48 244 271 272
78 244 272 273
100 244 245 273
1 244 245 272
59 245 272 273
98 245 273 274
87 245 246 274
35 245 246 273
44 246 273 274
0 246 274 275
94 246 247 275
77 246 247 274
56 247 274 275
74 247 275 276
81 247 248 276
2 247 248 275
15 248 275 276
40 248 276 277
33 248 249 277
57 248 249 276
16 249 276 277
90 249 277 278
47 249 250 278
73 249 250 277
96 250 277 278
12 250 278 279
95 250 251 279
72 250 251 278
63 251 278 279
72 251 279 280
98 251 252 280
28 251 252 279
78 252 279 280
77 253 281 282
56 253 254 282
24 253 254 281
29 254 281 282
44 254 282 283
3 254 255 283
22 254 255 282
89 255 282 283
58 255 283 284
14 255 256 284
39 255 256 283
40 256 283 284
17 256 284 285
48 256 257 285
54 256 257 284
85 257 284 285
33 257 285 286
58 257 258 286
83 257 258 285
32 258 285 286
55 258 286 287
27 258 259 287
54 258 259 286
26 259 286 287
86 259 287 288
82 259 260 288
81 259 260 287
52 260 287 288
80 260 288 289
29 260 261 289
91 260 261 288
82 261 288 289
70 261 289 290
65 261 262 290
83 261 262 289
7 262 289 290
25 262 290 291
28 262 263 291
45 262 263 290
14 263 290 291
37 263 291 292
85 263 264 292
66 263 264 291
27 264 291 292
72 264 292 293
4 264 265 293
77 264 265 292
3 265 292 293
90 265 293 294
55 265 266 294
19 265 266 293
21 266 293 294
97 266 294 295
85 266 267 295
52 266 267 294
55 267 294 295
72 267 295 296
4 267 268 296
41 267 268 295
38 268 295 296
37 268 296 297
24 268 269 297
56 268 269 296
23 269 296 297
93 269 297 298
54 269 270 298
35 269 270 297
35 270 297 298
59 270 298 299
78 270 271 299
65 270 271 298
63 271 298 299
20 271 299 300
86 271 272 300
52 271 272 299
68 272 299 300
79 272 300 301
14 272 273 301
10 272 273 300
46 273 300 301
41 273 301 302
26 273 274 302
51 273 274 301
83 274 301 302
0 274 302 303
53 274 275 303
92 274 275 302
75 275 302 303
79 275 303 304
16 275 276 304
70 275 276 303
55 276 303 304
49 276 304 305
22 276 277 305
59 276 277 304
13 277 304 305
39 277 305 306
28 277 278 306
97 277 278 305
39 278 305 306
96 278 306 307
42 278 279 307
96 278 279 306
37 279 306 307
90 279 307 308
29 279 280 308
12 279 280 307
28 280 307 308
82 281 309 310
68 281 282 310
7 281 282 309
25 282 309 310
39 282 310 311
4 282 283 311
35 282 283 310
80 283 310 311
13 283 311 312
24 283 284 312
78 283 284 311
41 284 311 312
32 284 312 313
90 284 285 313
86 284 285 312
48 285 312 313
73 285 313 314
59 285 286 314
59 285 286 313
25 286 313 314
23 286 314 315
78 286 287 315
22 286 287 314
97 287 314 315
57 287 315 316
34 287 288 316
7 287 288 315
70 288 315 316
19 288 316 317
11 288 289 317
98 288 289 316
21 289 316 317
36 289 317 318
71 289 290 318
32 289 290 317
76 290 317 318
38 290 318 319
39 290 291 319
22 290 291 318
48 291 318 319
11 291 319 320
17 291 292 320
21 291 292 319
17 292 319 320
13 292 320 321
32 292 293 321
37 292 293 320
13 293 320 321
85 293 321 322
74 293 294 322
98 293 294 321
28 294 321 322
68 294 322 323
65 294 295 323
90 294 295 322
67 295 322 323
96 295 323 324
88 295 296 324
46 295 296 323
8 296 323 324
77 296 324 325
68 296 297 325
85 296 297 324
44 297 324 325
94 297 325 326
29 297 298 326
15 297 298 325
83 298 325 326
16 298 326 327
18 298 299 327
37 298 299 326
64 299 326 327
1 299 327 328
80 299 300 328
32 299 300 327
96 300 327 328
71 300 328 329
11 300 301 329
73 300 301 328
17 301 328 329
75 301 329 330
87 301 302 330
79 301 302 329
76 302 329 330
38 302 330 331
10 302 303 331
78 302 303 330
72 303 330 331
12 303 331 332
54 303 304 332
36 303 304 331
89 304 331 332
60 304 332 333
11 304 305 333
1 304 305 332
69 305 332 333
93 305 333 334
15 305 306 334
17 305 306 333
92 306 333 334
50 306 334 335
25 306 307 335
41 306 307 334
89 307 334 335
69 307 335 336
55 307 308 336
25 307 308 335
90 308 335 336
72 309 337 338
16 309 310 338
27 309 310 337
40 310 337 338
8 310 338 339
57 310 311 339
98 310 311 338
76 311 338 339
60 311 339 340
63 311 312 340
100 311 312 339
24 312 339 340
0 312 340 341
83 312 313 341
92 312 313 340
60 313 340 341
85 313 341 342
52 313 314 342
1 313 314 341
38 314 341 342
43 314 342 343
37 314 315 343
52 314 315 342
19 315 342 343
78 315 343 344
48 315 316 344
11 315 316 343
60 316 343 344
68 316 344 345
84 316 317 345
53 316 317 344
20 317 344 345
21 317 345 346
48 317 318 346
55 317 318 345
9 318 345 346
6 318 346 347
17 318 319 347
33 318 319 346
35 319 346 347
65 319 347 348
100 319 320 348
54 319 320 347
76 320 347 348
5 320 348 349
79 320 321 349
58 320 321 348
41 321 348 349
32 321 349 350
63 321 322 350
19 321 322 349
100 322 349 350
45 322 350 351
87 322 323 351
44 322 323 350
21 323 350 351
56 323 351 352
97 323 324 352
47 323 324 351
91 324 351 352
64 324 352 353
16 324 325 353
91 324 325 352
88 325 352 353
62 325 353 354
43 325 326 354
83 325 326 353
47 326 353 354
80 326 354 355
62 326 327 355
27 326 327 354
87 327 354 355
21 327 355 356
13 327 328 356
91 327 328 355
94 328 355 356
61 328 356 357
78 328 329 357
59 328 329 356
98 329 356 357
93 329 357 358
17 329 330 358
49 329 330 357
67 330 357 358
68 330 358 359
13 330 331 359
60 330 331 358
0 331 358 359
45 331 359 360
17 331 332 360
11 331 332 359
89 332 359 360
32 332 360 361
91 332 333 361
95 332 333 360
69 333 360 361
77 333 361 362
74 333 334 362
81 333 334 361
0 334 361 362
6 334 362 363
38 334 335 363
23 334 335 362
8 335 362 363
31 335 363 364
25 335 336 364
13 335 336 363
100 336 363 364
83 337 365 366
9 337 338 366
20 337 338 365
9 338 365 366
63 338 366 367
48 338 339 367
93 338 339 366
87 339 366 367
84 339 367 368
57 339 340 368
74 339 340 367
54 340 367 368
62 340 368 369
83 340 341 369
72 340 341 368
81 341 368 369
81 341 369 370
8 341 342 370
90 341 342 369
13 342 369 370
46 342 370 371
14 342 343 371
28 342 343 370
61 343 370 371
44 343 371 372
76 343 344 372
2 343 344 371
37 344 371 372
35 344 372 373
20 344 345 373
90 344 345 372
13 345 372 373
43 345 373 374
77 345 346 374
90 345 346 373
50 346 373 374
3 346 374 375
92 346 347 375
68 346 347 374
17 347 374 375
47 347 375 376
54 347 348 376
28 347 348 375
82 348 375 376
13 348 376 377
35 348 349 377
59 348 349 376
23 349 376 377
19 349 377 378
78 349 350 378
0 349 350 377
84 350 377 378
59 350 378 379
26 350 351 379
12 350 351 378
83 351 378 379
58 351 379 380
1 351 352 380
57 351 352 379
77 352 379 380
96 352 380 381
28 352 353 381
97 352 353 380
60 353 380 381
34 353 381 382
49 353 354 382
91 353 354 381
13 354 381 382
34 354 382 383
20 354 355 383
38 354 355 382
47 355 382 383
73 355 383 384
7 355 356 384
52 355 356 383
16 356 383 384
15 356 384 385
80 356 357 385
38 356 357 384
49 357 384 385
30 357 385 386
89 357 358 386
87 357 358 385
29 358 385 386
96 358 386 387
71 358 359 387
15 358 359 386
1 359 386 387
8 359 387 388
93 359 360 388
45 359 360 387
37 360 387 388
37 360 388 389
17 360 361 389
55 360 361 388
56 361 388 389
76 361 389 390
18 361 362 390
43 361 362 389
56 362 389 390
59 362 390 391
87 362 363 391
16 362 363 390
52 363 390 391
29 363 391 392
83 363 364 392
11 363 364 391
14 364 391 392
56 365 393 394
60 365 366 394
67 365 366 393
45 366 393 394
8 366 394 395
28 366 367 395
36 366 367 394
76 367 394 395
18 367 395 396
97 367 368 396
30 367 368 395
58 368 395 396
52 368 396 397
49 368 369 397
35 368 369 396
81 369 396 397
71 369 397 398
84 369 370 398
62 369 370 397
97 370 397 398
29 370 398 399
86 370 371 399
24 370 371 398
49 371 398 399
20 371 399 400
0 371 372 400
85 371 372 399
58 372 399 400
100 372 400 401
72 372 373 401
8 372 373 400
9 373 400 401
31 373 401 402
86 373 374 402
14 373 374 401
68 374 401 402
82 374 402 403
10 374 375 403
83 374 375 402
1 375 402 403
83 375 403 404
27 375 376 404
86 375 376 403
99 376 403 404
8 376 404 405
12 376 377 405
36 376 377 404
6 377 404 405
97 377 405 406
21 377 378 406
59 377 378 405
100 378 405 406
89 378 406 407
37 378 379 407
29 378 379 406
89 379 406 407
82 379 407 408
1 379 380 408
97 379 380 407
92 380 407 408
53 380 408 409
96 380 381 409
95 380 381 408
100 381 408 409
88 381 409 410
97 381 382 410
32 381 382 409
65 382 409 410
96 382 410 411
86 382 383 411
63 382 383 410
96 383 410 411
13 383 411 412
6 383 384 412
63 383 384 411
11 384 411 412
6 384 412 413
20 384 385 413
82 384 385 412
59 385 412 413
45 385 413 414
83 385 386 414
95 385 386 413
7 386 413 414
80 386 414 415
22 386 387 415
70 386 387 414
14 387 414 415
18 387 415 416
10 387 388 416
65 387 388 415
70 388 415 416
67 388 416 417
73 388 389 417
55 388 389 416
13 389 416 417
87 389 417 418
27 389 390 418
54 389 390 417
20 390 417 418
50 390 418 419
61 390 391 419
68 390 391 418
17 391 418 419
26 391 419 420
82 391 392 420
23 391 392 419
44 392 419 420
75 393 421 422
99 393 394 422
9 393 394 421
52 394 421 422
27 394 422 423
58 394 395 423
46 394 395 422
99 395 422 423
7 395 423 424
1 395 396 424
71 395 396 423
87 396 423 424
92 396 424 425
37 396 397 425
29 396 397 424
23 397 424 425
93 397 425 426
5 397 398 426
48 397 398 425
27 398 425 426
22 398 426 427
0 398 399 427
69 398 399 426
88 399 426 427
96 399 427 428
84 399 400 428
46 399 400 427
57 400 427 428
41 400 428 429
43 400 401 429
51 400 401 428
1 401 428 429
43 401 429 430
76 401 402 430
14 401 402 429
70 402 429 430
34 402 430 431
27 402 403 431
41 402 403 430
7 403 430 431
10 403 431 432
33 403 404 432
68 403 404 431
46 404 431 432
75 404 432 433
23 404 405 433
50 404 405 432
66 405 432 433
75 405 433 434
30 405 406 434
92 405 406 433
77 406 433 434
30 406 434 435
0 406 407 435
14 406 407 434
39 407 434 435
94 407 435 436
96 407 408 436
57 407 408 435
45 408 435 436
95 408 436 437
28 408 409 437
50 408 409 436
44 409 436 437
85 409 437 438
48 409 410 438
43 409 410 437
77 410 437 438
94 410 438 439
56 410 411 439
19 410 411 438
94 411 438 439
8 411 439 440
87 411 412 440
31 411 412 439
3 412 439 440
27 412 440 441
67 412 413 441
54 412 413 440
92 413 440 441
25 413 441 442
21 413 414 442
73 413 414 441
1 414 441 442
96 414 442 443
11 414 415 443
33 414 415 442
82 415 442 443
80 415 443 444
28 415 416 444
67 415 416 443
17 416 443 444
52 416 444 445
74 416 417 445
25 416 417 444
99 417 444 445
95 417 445 446
15 417 418 446
45 417 418 445
80 418 445 446
41 418 446 447
8 418 419 447
88 418 419 446
79 419 446 447
77 419 447 448
10 419 420 448
65 419 420 447
22 420 447 448
35 421 449 450
55 421 422 450
99 421 422 449
35 422 449 450
98 422 450 451
25 422 423 451
5 422 423 450
20 423 450 451
94 423 451 452
84 423 424 452
70 423 424 451
98 424 451 452
49 424 452 453
74 424 425 453
7 424 425 452
81 425 452 453
10 425 453 454
96 425 426 454
16 425 426 453
46 426 453 454
12 426 454 455
14 426 427 455
63 426 427 454
83 427 454 455
5 427 455 456
65 427 428 456
0 427 428 455
47 428 455 456
96 428 456 457
97 428 429 457
41 428 429 456
62 429 456 457
23 429 457 458
9 429 430 458
7 429 430 457
25 430 457 458
29 430 458 459
74 430 431 459
23 430 431 458
12 431 458 459
77 431 459 460
1 431 432 460
79 431 432 459
13 432 459 460
35 432 460 461
21 432 433 461
28 432 433 460
61 433 460 461
21 433 461 462
77 433 434 462
96 433 434 461
1 434 461 462
77 434 462 463
36 434 435 463
47 434 435 462
19 435 462 463
35 435 463 464
91 435 436 464
56 435 436 463
94 436 463 464
77 436 464 465
58 436 437 465
12 436 437 464
89 437 464 465
83 437 465 466
84 437 438 466
28 437 438 465
12 438 465 466
14 438 466 467
38 438 439 467
97 438 439 466
41 439 466 467
22 439 467 468
15 439 440 468
30 439 440 467
93 440 467 468
19 440 468 469
78 440 441 469
94 440 441 468
2 441 468 469
55 441 469 470
55 441 442 470
95 441 442 469
71 442 469 470
92 442 470 471
51 442 443 471
20 442 443 470
55 443 470 471
9 443 471 472
7 443 444 472
58 443 444 471
28 444 471 472
26 444 472 473
13 444 445 473
85 444 445 472
8 445 472 473
88 445 473 474
19 445 446 474
94 445 446 473
52 446 473 474
80 446 474 475
41 446 447 475
72 446 447 474
30 447 474 475
84 447 475 476
47 447 448 476
83 447 448 475
43 448 475 476
52 449 477 478
80 449 450 478
82 449 450 477
92 450 477 478
5 450 478 479
53 450 451 479
87 450 451 478
74 451 478 479
79 451 479 480
35 451 452 480
60 451 452 479
80 452 479 480
17 452 480 481
64 452 453 481
41 452 453 480
31 453 480 481
28 453 481 482
96 453 454 482
39 453 454 481
0 454 481 482
22 454 482 483
97 454 455 483
31 454 455 482
56 455 482 483
44 455 483 484
30 455 456 484
9 455 456 483
4 456 483 484
11 456 484 485
97 456 457 485
70 456 457 484
73 457 484 485
10 457 485 486
69 457 458 486
82 457 458 485
4 458 485 486
23 458 486 487
41 458 459 487
82 458 459 486
64 459 486 487
92 459 487 488
34 459 460 488
61 459 460 487
8 460 487 488
78 460 488 489
95 460 461 489
33 460 461 488
26 461 488 489
46 461 489 490
29 461 462 490
33 461 462 489
62 462 489 490
54 462 490 491
89 462 463 491
40 462 463 490
53 463 490 491
68 463 491 492
48 463 464 492
5 463 464 491
6 464 491 492
63 464 492 493
89 464 465 493
86 464 465 492
85 465 492 493
34 465 493 494
16 465 466 494
93 465 466 493
1 466 493 494
66 466 494 495
64 466 467 495
12 466 467 494
30 467 494 495
80 467 495 496
75 467 468 496
7 467 468 495
35 468 495 496
44 468 496 497
2 468 469 497
49 468 469 496
37 469 496 497
27 469 497 498
88 469 470 498
39 469 470 497
56 470 497 498
33 470 498 499
14 470 471 499
12 470 471 498
54 471 498 499
91 471 499 500
88 471 472 500
10 471 472 499
86 472 499 500
33 472 500 501
28 472 473 501
67 472 473 500
93 473 500 501
17 473 501 502
22 473 474 502
7 473 474 501
74 474 501 502
73 474 502 503
3 474 475 503
88 474 475 502
26 475 502 503
12 475 503 504
57 475 476 504
88 475 476 503
62 476 503 504
30 477 505 506
45 477 478 506
59 477 478 505
4 478 505 506
94 478 506 507
46 478 479 507
0 478 479 506
62 479 506 507
86 479 507 508
54 479 480 508
51 479 480 507
95 480 507 508
58 480 508 509
33 480 481 509
59 480 481 508
90 481 508 509
76 481 509 510
33 481 482 510
9 481 482 509
65 482 509 510
40 482 510 511
16 482 483 511
74 482 483 510
13 483 510 511
80 483 511 512
67 483 484 512
19 483 484 511
87 484 511 512
11 484 512 513
13 484 485 513
41 484 485 512
84 485 512 513
45 485 513 514
79 485 486 514
47 485 486 513
40 486 513 514
71 486 514 515
15 486 487 515
93 486 487 514
76 487 514 515
30 487 515 516
38 487 488 516
7 487 488 515
90 488 515 516
0 488 516 517
93 488 489 517
62 488 489 516
24 489 516 517
53 489 517 518
65 489 490 518
3 489 490 517
35 490 517 518
54 490 518 519
95 490 491 519
13 490 491 518
77 491 518 519
96 491 519 520
20 491 492 520
8 491 492 519
30 492 519 520
88 492 520 521
85 492 493 521
70 492 493 520
30 493 520 521
96 493 521 522
89 493 494 522
80 493 494 521
44 494 521 522
70 494 522 523
79 494 495 523
87 494 495 522
52 495 522 523
42 495 523 524
39 495 496 524
18 495 496 523
73 496 523 524
36 496 524 525
90 496 497 525
45 496 497 524
13 497 524 525
73 497 525 526
68 497 498 526
96 497 498 525
38 498 525 526
88 498 526 527
86 498 499 527
70 498 499 526
82 499 526 527
97 499 527 528
40 499 500 528
75 499 500 527
52 500 527 528
100 500 528 529
98 500 501 529
30 500 501 528
9 501 528 529
92 501 529 530
97 501 502 530
66 501 502 529
44 502 529 530
44 502 530 531
14 502 503 531
19 502 503 530
45 503 530 531
100 503 531 532
53 503 504 532
78 503 504 531
48 504 531 532
69 505 533 534
38 505 506 534
50 505 506 533
77 506 533 534
72 506 534 535
30 506 507 535
42 506 507 534
76 507 534 535
20 507 535 536
74 507 508 536
83 507 508 535
45 508 535 536
62 508 536 537
25 508 509 537
97 508 509 536
65 509 536 537
51 509 537 538
30 509 510 538
99 509 510 537
45 510 537 538
76 510 538 539
43 510 511 539
59 510 511 538
63 511 538 539
95 511 539 540
37 511 512 540
20 511 512 539
71 512 539 540
52 512 540 541
49 512 513 541
49 512 513 540
75 513 540 541
14 513 541 542
19 513 514 542
67 513 514 541
87 514 541 542
10 514 542 543
84 514 515 543
56 514 515 542
87 515 542 543
5 515 543 544
39 515 516 544
92 515 516 543
47 516 543 544
50 516 544 545
54 516 517 545
7 516 517 544
11 517 544 545
38 517 545 546
26 517 518 546
18 517 518 545
64 518 545 546
25 518 546 547
87 518 519 547
64 518 519 546
90 519 546 547
51 519 547 548
43 519 520 548
23 519 520 547
8 520 547 548
78 520 548 549
54 520 521 549
81 520 521 548
24 521 548 549
33 521 549 550
40 521 522 550
20 521 522 549
61 522 549 550
69 522 550 551
22 522 523 551
72 522 523 550
72 523 550 551
58 523 551 552
23 523 524 552
45 523 524 551
74 524 551 552
41 524 552 553
40 524 525 553
64 524 525 552
30 525 552 553
51 525 553 554
21 525 526 554
45 525 526 553
75 526 553 554
26 526 554 555
93 526 527 555
60 526 527 554
41 527 554 555
100 527 555 556
56 527 528 556
87 527 528 555
31 528 555 556
80 528 556 557
78 528 529 557
87 528 529 556
12 529 556 557
58 529 557 558
4 529 530 558
48 529 530 557
57 530 557 558
37 530 558 559
26 530 531 559
95 530 531 558
55 531 558 559
30 531 559 560
14 531 532 560
99 531 532 559
2 532 559 560
34 533 561 562
6 533 534 562
94 533 534 561
99 534 561 562
48 534 562 563
25 534 535 563
67 534 535 562
71 535 562 563
38 535 563 564
43 535 536 564
87 535 536 563
94 536 563 564
54 536 564 565
32 536 537 565
84 536 537 564
81 537 564 565
30 537 565 566
39 537 538 566
61 537 538 565
7 538 565 566
54 538 566 567
74 538 539 567
19 538 539 566
20 539 566 567
9 539 567 568
36 539 540 568
32 539 540 567
61 540 567 568
92 540 568 569
46 540 541 569
17 540 541 568
24 541 568 569
77 541 569 570
99 541 542 570
45 541 542 569
37 542 569 570
40 542 570 571
1 542 543 571
98 542 543 570
63 543 570 571
21 543 571 572
4 543 544 572
98 543 544 571
68 544 571 572
56 544 572 573
83 544 545 573
11 544 545 572
6 545 572 573
96 545 573 574
96 545 546 574
11 545 546 573
49 546 573 574
35 546 574 575
27 546 547 575
86 546 547 574
5 547 574 575
45 547 575 576
9 547 548 576
90 547 548 575
31 548 575 576
61 548 576 577
17 548 549 577
75 548 549 576
61 549 576 577
14 549 577 578
36 549 550 578
84 549 550 577
30 550 577 578
79 550 578 579
11 550 551 579
83 550 551 578
47 551 578 579
31 551 579 580
63 551 552 580
96 551 552 579
69 552 579 580
74 552 580 581
64 552 553 581
79 552 553 580
66 553 580 581
42 553 581 582
32 553 554 582
81 553 554 581
73 554 581 582
12 554 582 583
8 554 555 583
62 554 555 582
56 555 582 583
17 555 583 584
99 555 556 584
80 555 556 583
61 556 583 584
48 556 584 585
15 556 557 585
83 556 557 584
60 557 584 585
58 557 585 586
64 557 558 586
51 557 558 585
7 558 585 586
88 558 586 587
74 558 559 587
82 558 559 586
100 559 586 587
18 559 587 588
94 559 560 588
14 559 560 587
34 560 587 588
