57 1 16 17
27 1 2 17
50 1 2 16
88 2 16 17
67 2 17 18
89 2 3 18
28 2 3 17
0 3 17 18
34 3 18 19
15 3 4 19
40 3 4 18
76 4 18 19
77 4 19 20
57 4 5 20
86 4 5 19
53 5 19 20
98 5 20 21
87 5 6 21
61 5 6 20
13 6 20 21
86 6 21 22
60 6 7 22
88 6 7 21
0 7 21 22
73 7 22 23
28 7 8 23
28 7 8 22
75 8 22 23
86 8 23 24
93 8 9 24
72 8 9 23
86 9 23 24
93 9 24 25
94 9 10 25
34 9 10 24
50 10 24 25
83 10 25 26
53 10 11 26
40 10 11 25
45 11 25 26
14 11 26 27
38 11 12 27
17 11 12 26
59 12 26 27
65 12 27 28
88 12 13 28
38 12 13 27
10 13 27 28
69 13 28 29
27 13 14 29
89 13 14 28
76 14 28 29
18 14 29 30
92 14 15 30
1 14 15 29
15 15 29 30
42 16 31 32
11 16 17 32
13 16 17 31
97 17 31 32
99 17 32 33
49 17 18 33
66 17 18 32
26 18 32 33
78 18 33 34
4 18 19 34
30 18 19 33
16 19 33 34
88 19 34 35
30 19 20 35
6 19 20 34
14 20 34 35
89 20 35 36
78 20 21 36
100 20 21 35
39 21 35 36
79 21 36 37
29 21 22 37
69 21 22 36
17 22 36 37
91 22 37 38
78 22 23 38
29 22 23 37
84 23 37 38
57 23 38 39
49 23 24 39
99 23 24 38
100 24 38 39
13 24 39 40
79 24 25 40
48 24 25 39
57 25 39 40
4 25 40 41
44 25 26 41
42 25 26 40
89 26 40 41
23 26 41 42
67 26 27 42
1 26 27 41
92 27 41 42
24 27 42 43
44 27 28 43
37 27 28 42
48 28 42 43
23 28 43 44
6 28 29 44
62 28 29 43
13 29 43 44
29 29 44 45
5 29 30 45
16 29 30 44
8 30 44 45
97 31 46 47
85 31 32 47
42 31 32 46
33 32 46 47
2 32 47 48
38 32 33 48
14 32 33 47
73 33 47 48
73 33 48 49
0 33 34 49
4 33 34 48
58 34 48 49
1 34 49 50
51 34 35 50
58 34 35 49
21 35 49 50
9 35 50 51
98 35 36 51
82 35 36 50
39 36 50 51
15 36 51 52
48 36 37 52
4 36 37 51
43 37 51 52
50 37 52 53
49 37 38 53
34 37 38 52
55 38 52 53
74 38 53 54
55 38 39 54
34 38 39 53
31 39 53 54
35 39 54 55
57 39 40 55
17 39 40 54
51 40 54 55
94 40 55 56
92 40 41 56
20 40 41 55
47 41 55 56
13 41 56 57
3 41 42 57
46 41 42 56
76 42 56 57
70 42 57 58
3 42 43 58
28 42 43 57
45 43 57 58
25 43 58 59
8 43 44 59
3 43 44 58
22 44 58 59
61 44 59 60
61 44 45 60
45 44 45 59
95 45 59 60
64 46 61 62
14 46 47 62
80 46 47 61
35 47 61 62
28 47 62 63
38 47 48 63
14 47 48 62
1 48 62 63
26 48 63 64
20 48 49 64
5 48 49 63
66 49 63 64
28 49 64 65
26 49 50 65
76 49 50 64
8 50 64 65
65 50 65 66
68 50 51 66
70 50 51 65
12 51 65 66
2 51 66 67
4 51 52 67
27 51 52 66
50 52 66 67
82 52 67 68
38 52 53 68
27 52 53 67
59 53 67 68
61 53 68 69
94 53 54 69
89 53 54 68
16 54 68 69
60 54 69 70
16 54 55 70
53 54 55 69
11 55 69 70
53 55 70 71
91 55 56 71
56 55 56 70
58 56 70 71
90 56 71 72
98 56 57 72
72 56 57 71
82 57 71 72
75 57 72 73
77 57 58 73
54 57 58 72
76 58 72 73
59 58 73 74
90 58 59 74
36 58 59 73
33 59 73 74
58 59 74 75
97 59 60 75
39 59 60 74
56 60 74 75
37 61 76 77
68 61 62 77
49 61 62 76
52 62 76 77
38 62 77 78
65 62 63 78
82 62 63 77
95 63 77 78
52 63 78 79
63 63 64 79
42 63 64 78
57 64 78 79
17 64 79 80
25 64 65 80
86 64 65 79
61 65 79 80
30 65 80 81
31 65 66 81
67 65 66 80
71 66 80 81
17 66 81 82
99 66 67 82
42 66 67 81
55 67 81 82
79 67 82 83
26 67 68 83
6 67 68 82
48 68 82 83
73 68 83 84
10 68 69 84
28 68 69 83
21 69 83 84
34 69 84 85
63 69 70 85
15 69 70 84
89 70 84 85
54 70 85 86
24 70 71 86
12 70 71 85
52 71 85 86
75 71 86 87
92 71 72 87
31 71 72 86
8 72 86 87
32 72 87 88
24 72 73 88
11 72 73 87
8 73 87 88
42 73 88 89
32 73 74 89
77 73 74 88
83 74 88 89
42 74 89 90
3 74 75 90
4 74 75 89
8 75 89 90
42 76 91 92
8 76 77 92
39 76 77 91
25 77 91 92
59 77 92 93
61 77 78 93
44 77 78 92
59 78 92 93
18 78 93 94
46 78 79 94
33 78 79 93
18 79 93 94
82 79 94 95
70 79 80 95
70 79 80 94
21 80 94 95
77 80 95 96
88 80 81 96
32 80 81 95
92 81 95 96
65 81 96 97
53 81 82 97
18 81 82 96
13 82 96 97
8 82 97 98
93 82 83 98
23 82 83 97
25 83 97 98
87 83 98 99
40 83 84 99
38 83 84 98
25 84 98 99
19 84 99 100
69 84 85 100
9 84 85 99
27 85 99 100
9 85 100 101
0 85 86 101
86 85 86 100
45 86 100 101
19 86 101 102
46 86 87 102
49 86 87 101
97 87 101 102
84 87 102 103
1 87 88 103
37 87 88 102
53 88 102 103
97 88 103 104
81 88 89 104
96 88 89 103
69 89 103 104
85 89 104 105
92 89 90 105
93 89 90 104
91 90 104 105
86 91 106 107
15 91 92 107
53 91 92 106
69 92 106 107
98 92 107 108
55 92 93 108
30 92 93 107
27 93 107 108
33 93 108 109
64 93 94 109
57 93 94 108
34 94 108 109
53 94 109 110
8 94 95 110
83 94 95 109
90 95 109 110
4 95 110 111
18 95 96 111
58 95 96 110
67 96 110 111
63 96 111 112
76 96 97 112
83 96 97 111
68 97 111 112
99 97 112 113
26 97 98 113
47 97 98 112
81 98 112 113
9 98 113 114
1 98 99 114
74 98 99 113
54 99 113 114
7 99 114 115
17 99 100 115
17 99 100 114
9 100 114 115
29 100 115 116
26 100 101 116
42 100 101 115
66 101 115 116
90 101 116 117
28 101 102 117
38 101 102 116
77 102 116 117
51 102 117 118
34 102 103 118
95 102 103 117
19 103 117 118
78 103 118 119
57 103 104 119
6 103 104 118
22 104 118 119
7 104 119 120
9 104 105 120
6 104 105 119
38 105 119 120
93 106 121 122
47 106 107 122
92 106 107 121
7 107 121 122
66 107 122 123
10 107 108 123
45 107 108 122
0 108 122 123
82 108 123 124
26 108 109 124
58 108 109 123
58 109 123 124
48 109 124 125
21 109 110 125
67 109 110 124
49 110 124 125
27 110 125 126
82 110 111 126
87 110 111 125
40 111 125 126
11 111 126 127
12 111 112 127
17 111 112 126
23 112 126 127
0 112 127 128
33 112 113 128
19 112 113 127
91 113 127 128
58 113 128 129
46 113 114 129
35 113 114 128
78 114 128 129
23 114 129 130
100 114 115 130
91 114 115 129
12 115 129 130
95 115 130 131
45 115 116 131
58 115 116 130
30 116 130 131
47 116 131 132
21 116 117 132
25 116 117 131
89 117 131 132
23 117 132 133
89 117 118 133
1 117 118 132
88 118 132 133
37 118 133 134
80 118 119 134
91 118 119 133
88 119 133 134
54 119 134 135
67 119 120 135
89 119 120 134
88 120 134 135
23 121 136 137
29 121 122 137
11 121 122 136
37 122 136 137
38 122 137 138
44 122 123 138
60 122 123 137
53 123 137 138
96 123 138 139
5 123 124 139
94 123 124 138
20 124 138 139
46 124 139 140
35 124 125 140
38 124 125 139
98 125 139 140
14 125 140 141
68 125 126 141
100 125 126 140
31 126 140 141
10 126 141 142
71 126 127 142
41 126 127 141
81 127 141 142
50 127 142 143
29 127 128 143
41 127 128 142
28 128 142 143
71 128 143 144
41 128 129 144
100 128 129 143
40 129 143 144
7 129 144 145
15 129 130 145
53 129 130 144
18 130 144 145
3 130 145 146
97 130 131 146
59 130 131 145
82 131 145 146
21 131 146 147
20 131 132 147
6 131 132 146
75 132 146 147
39 132 147 148
38 132 133 148
99 132 133 147
79 133 147 148
100 133 148 149
56 133 134 149
10 133 134 148
77 134 148 149
49 134 149 150
49 134 135 150
10 134 135 149
1 135 149 150
70 136 151 152
56 136 137 152
56 136 137 151
78 137 151 152
5 137 152 153
87 137 138 153
40 137 138 152
86 138 152 153
15 138 153 154
46 138 139 154
97 138 139 153
90 139 153 154
64 139 154 155
96 139 140 155
60 139 140 154
70 140 154 155
17 140 155 156
66 140 141 156
42 140 141 155
29 141 155 156
2 141 156 157
48 141 142 157
15 141 142 156
95 142 156 157
68 142 157 158
58 142 143 158
75 142 143 157
90 143 157 158
37 143 158 159
65 143 144 159
50 143 144 158
73 144 158 159
19 144 159 160
96 144 145 160
8 144 145 159
100 145 159 160
28 145 160 161
0 145 146 161
65 145 146 160
83 146 160 161
97 146 161 162
32 146 147 162
83 146 147 161
16 147 161 162
26 147 162 163
58 147 148 163
52 147 148 162
41 148 162 163
27 148 163 164
85 148 149 164
67 148 149 163
91 149 163 164
54 149 164 165
47 149 150 165
83 149 150 164
68 150 164 165
52 151 166 167
6 151 152 167
32 151 152 166
71 152 166 167
91 152 167 168
20 152 153 168
23 152 153 167
71 153 167 168
12 153 168 169
17 153 154 169
66 153 154 168
38 154 168 169
98 154 169 170
45 154 155 170
43 154 155 169
75 155 169 170
17 155 170 171
94 155 156 171
5 155 156 170
32 156 170 171
18 156 171 172
20 156 157 172
56 156 157 171
62 157 171 172
19 157 172 173
27 157 158 173
45 157 158 172
38 158 172 173
13 158 173 174
80 158 159 174
68 158 159 173
43 159 173 174
68 159 174 175
49 159 160 175
42 159 160 174
27 160 174 175
31 160 175 176
29 160 161 176
97 160 161 175
33 161 175 176
78 161 176 177
40 161 162 177
98 161 162 176
49 162 176 177
25 162 177 178
79 162 163 178
18 162 163 177
72 163 177 178
33 163 178 179
95 163 164 179
51 163 164 178
38 164 178 179
83 164 179 180
78 164 165 180
51 164 165 179
28 165 179 180
29 166 181 182
87 166 167 182
97 166 167 181
13 167 181 182
36 167 182 183
47 167 168 183
84 167 168 182
23 168 182 183
62 168 183 184
40 168 169 184
32 168 169 183
8 169 183 184
59 169 184 185
16 169 170 185
21 169 170 184
47 170 184 185
97 170 185 186
87 170 171 186
78 170 171 185
97 171 185 186
11 171 186 187
35 171 172 187
36 171 172 186
10 172 186 187
49 172 187 188
15 172 173 188
12 172 173 187
64 173 187 188
37 173 188 189
58 173 174 189
14 173 174 188
20 174 188 189
29 174 189 190
60 174 175 190
63 174 175 189
26 175 189 190
40 175 190 191
98 175 176 191
77 175 176 190
35 176 190 191
83 176 191 192
66 176 177 192
88 176 177 191
24 177 191 192
98 177 192 193
8 177 178 193
2 177 178 192
1 178 192 193
0 178 193 194
93 178 179 194
32 178 179 193
28 179 193 194
52 179 194 195
16 179 180 195
84 179 180 194
24 180 194 195
72 181 196 197
0 181 182 197
27 181 182 196
33 182 196 197
93 182 197 198
38 182 183 198
85 182 183 197
85 183 197 198
77 183 198 199
19 183 184 199
81 183 184 198
9 184 198 199
83 184 199 200
38 184 185 200
70 184 185 199
7 185 199 200
77 185 200 201
49 185 186 201
41 185 186 200
50 186 200 201
18 186 201 202
20 186 187 202
12 186 187 201
100 187 201 202
84 187 202 203
74 187 188 203
46 187 188 202
54 188 202 203
91 188 203 204
40 188 189 204
36 188 189 203
72 189 203 204
99 189 204 205
39 189 190 205
10 189 190 204
49 190 204 205
42 190 205 206
19 190 191 206
19 190 191 205
17 191 205 206
66 191 206 207
54 191 192 207
4 191 192 206
50 192 206 207
45 192 207 208
79 192 193 208
91 192 193 207
90 193 207 208
63 193 208 209
72 193 194 209
65 193 194 208
58 194 208 209
63 194 209 210
32 194 195 210
4 194 195 209
81 195 209 210
15 196 211 212
57 196 197 212
93 196 197 211
69 197 211 212
99 197 212 213
34 197 198 213
5 197 198 212
18 198 212 213
23 198 213 214
71 198 199 214
44 198 199 213
70 199 213 214
90 199 214 215
4 199 200 215
67 199 200 214
98 200 214 215
85 200 215 216
89 200 201 216
38 200 201 215
4 201 215 216
34 201 216 217
52 201 202 217
98 201 202 216
48 202 216 217
46 202 217 218
39 202 203 218
50 202 203 217
82 203 217 218
73 203 218 219
32 203 204 219
1 203 204 218
76 204 218 219
77 204 219 220
62 204 205 220
74 204 205 219
75 205 219 220
10 205 220 221
100 205 206 221
43 205 206 220
38 206 220 221
49 206 221 222
43 206 207 222
7 206 207 221
92 207 221 222
0 207 222 223
25 207 208 223
41 207 208 222
74 208 222 223
25 208 223 224
26 208 209 224
99 208 209 223
61 209 223 224
44 209 224 225
20 209 210 225
82 209 210 224
92 210 224 225
91 211 226 227
32 211 212 227
5 211 212 226
78 212 226 227
62 212 227 228
9 212 213 228
55 212 213 227
88 213 227 228
90 213 228 229
84 213 214 229
77 213 214 228
96 214 228 229
97 214 229 230
66 214 215 230
37 214 215 229
32 215 229 230
88 215 230 231
71 215 216 231
53 215 216 230
82 216 230 231
18 216 231 232
33 216 217 232
62 216 217 231
31 217 231 232
33 217 232 233
49 217 218 233
8 217 218 232
26 218 232 233
36 218 233 234
94 218 219 234
29 218 219 233
98 219 233 234
86 219 234 235
31 219 220 235
40 219 220 234
14 220 234 235
12 220 235 236
31 220 221 236
76 220 221 235
99 221 235 236
84 221 236 237
16 221 222 237
81 221 222 236
56 222 236 237
49 222 237 238
19 222 223 238
31 222 223 237
11 223 237 238
99 223 238 239
1 223 224 239
98 223 224 238
49 224 238 239
17 224 239 240
78 224 225 240
92 224 225 239
78 225 239 240
36 225 240 241
82 226 256 257
71 226 227 257
93 226 227 256
64 227 256 257
42 227 257 258
41 227 228 258
8 227 228 257
57 228 257 258
38 228 258 259
40 228 229 259
82 228 229 258
51 229 258 259
76 229 259 260
24 229 230 260
57 229 230 259
67 230 259 260
4 230 260 261
80 230 231 261
37 230 231 260
75 231 260 261
59 231 261 262
7 231 232 262
12 231 232 261
25 232 261 262
15 232 262 263
68 232 233 263
65 232 233 262
65 233 262 263
35 233 263 264
65 233 234 264
75 233 234 263
55 234 263 264
84 234 264 265
4 234 235 265
58 234 235 264
66 235 264 265
3 235 265 266
41 235 236 266
46 235 236 265
78 236 265 266
100 236 266 267
17 236 237 267
87 236 237 266
76 237 266 267
10 237 267 268
3 237 238 268
94 237 238 267
45 238 267 268
60 238 268 269
59 238 239 269
90 238 239 268
65 239 268 269
87 239 269 270
88 239 240 270
19 239 240 269
85 240 269 270
30 240 270 271
94 240 241 271
4 240 241 270
46 241 270 271
81 241 271 272
13 241 242 272
65 241 242 271
15 242 271 272
18 242 272 273
10 242 243 273
58 242 243 272
10 243 272 273
90 243 273 274
37 243 244 274
91 243 244 273
45 244 273 274
89 244 274 275
41 244 245 275
100 244 245 274
33 245 274 275
55 245 275 276
48 245 246 276
68 245 246 275
96 246 275 276
98 246 276 277
81 246 247 277
89 246 247 276
22 247 276 277
76 247 277 278
93 247 248 278
51 247 248 277
41 248 277 278
87 248 278 279
30 248 249 279
85 248 249 278
27 249 278 279
12 249 279 280
17 249 250 280
78 249 250 279
55 250 279 280
0 250 280 281
45 250 251 281
76 250 251 280
5 251 280 281
76 251 281 282
10 251 252 282
55 251 252 281
5 252 281 282
48 252 282 283
87 252 253 283
52 252 253 282
33 253 282 283
38 253 283 284
35 253 254 284
21 253 254 283
46 254 283 284
20 254 284 285
89 254 255 285
65 254 255 284
41 255 284 285
31 256 286 287
12 256 257 287
30 256 257 286
35 257 286 287
24 257 287 288
98 257 258 288
23 257 258 287
43 258 287 288
0 258 288 289
77 258 259 289
33 258 259 288
82 259 288 289
16 259 289 290
1 259 260 290
31 259 260 289
30 260 289 290
85 260 290 291
69 260 261 291
29 260 261 290
0 261 290 291
31 261 291 292
31 261 262 292
95 261 262 291
37 262 291 292
59 262 292 293
56 262 263 293
16 262 263 292
70 263 292 293
75 263 293 294
23 263 264 294
13 263 264 293
85 264 293 294
46 264 294 295
78 264 265 295
41 264 265 294
3 265 294 295
92 265 295 296
74 265 266 296
56 265 266 295
48 266 295 296
6 266 296 297
44 266 267 297
84 266 267 296
73 267 296 297
90 267 297 298
29 267 268 298
97 267 268 297
64 268 297 298
26 268 298 299
8 268 269 299
71 268 269 298
62 269 298 299
79 269 299 300
25 269 270 300
5 269 270 299
39 270 299 300
15 270 300 301
66 270 271 301
29 270 271 300
100 271 300 301
23 271 301 302
41 271 272 302
86 271 272 301
38 272 301 302
11 272 302 303
86 272 273 303
72 272 273 302
5 273 302 303
12 273 303 304
89 273 274 304
87 273 274 303
14 274 303 304
45 274 304 305
23 274 275 305
46 274 275 304
59 275 304 305
26 275 305 306
23 275 276 306
72 275 276 305
0 276 305 306
79 276 306 307
89 276 277 307
29 276 277 306
60 277 306 307
53 277 307 308
33 277 278 308
77 277 278 307
8 278 307 308
86 278 308 309
100 278 279 309
59 278 279 308
8 279 308 309
14 279 309 310
66 279 280 310
0 279 280 309
63 280 309 310
50 280 310 311
51 280 281 311
11 280 281 310
67 281 310 311
51 281 311 312
33 281 282 312
18 281 282 311
71 282 311 312
96 282 312 313
97 282 283 313
53 282 283 312
44 283 312 313
2 283 313 314
83 283 284 314
66 283 284 313
35 284 313 314
32 284 314 315
100 284 285 315
8 284 285 314
89 285 314 315
87 286 316 317
68 286 287 317
88 286 287 316
22 287 316 317
71 287 317 318
16 287 288 318
40 287 288 317
91 288 317 318
21 288 318 319
19 288 289 319
96 288 289 318
33 289 318 319
88 289 319 320
35 289 290 320
35 289 290 319
22 290 319 320
8 290 320 321
56 290 291 321
97 290 291 320
24 291 320 321
98 291 321 322
52 291 292 322
37 291 292 321
95 292 321 322
64 292 322 323
94 292 293 323
24 292 293 322
72 293 322 323
11 293 323 324
57 293 294 324
29 293 294 323
38 294 323 324
8 294 324 325
78 294 295 325
15 294 295 324
95 295 324 325
72 295 325 326
45 295 296 326
94 295 296 325
92 296 325 326
64 296 326 327
6 296 297 327
56 296 297 326
5 297 326 327
81 297 327 328
21 297 298 328
2 297 298 327
12 298 327 328
86 298 328 329
92 298 299 329
48 298 299 328
83 299 328 329
64 299 329 330
11 299 300 330
75 299 300 329
62 300 329 330
54 300 330 331
35 300 301 331
6 300 301 330
3 301 330 331
52 301 331 332
49 301 302 332
47 301 302 331
2 302 331 332
66 302 332 333
78 302 303 333
67 302 303 332
12 303 332 333
82 303 333 334
26 303 304 334
10 303 304 333
1 304 333 334
57 304 334 335
0 304 305 335
81 304 305 334
58 305 334 335
14 305 335 336
47 305 306 336
80 305 306 335
59 306 335 336
30 306 336 337
90 306 307 337
59 306 307 336
75 307 336 337
20 307 337 338
20 307 308 338
59 307 308 337
78 308 337 338
67 308 338 339
69 308 309 339
1 308 309 338
31 309 338 339
94 309 339 340
86 309 310 340
96 309 310 339
79 310 339 340
58 310 340 341
40 310 311 341
52 310 311 340
18 311 340 341
30 311 341 342
89 311 312 342
61 311 312 341
64 312 341 342
40 312 342 343
6 312 313 343
1 312 313 342
13 313 342 343
57 313 343 344
79 313 314 344
69 313 314 343
40 314 343 344
12 314 344 345
98 314 315 345
71 314 315 344
5 315 344 345
44 316 346 347
87 316 317 347
27 316 317 346
74 317 346 347
49 317 347 348
11 317 318 348
90 317 318 347
86 318 347 348
52 318 348 349
100 318 319 349
45 318 319 348
82 319 348 349
10 319 349 350
75 319 320 350
39 319 320 349
85 320 349 350
48 320 350 351
23 320 321 351
83 320 321 350
30 321 350 351
20 321 351 352
6 321 322 352
6 321 322 351
61 322 351 352
93 322 352 353
60 322 323 353
0 322 323 352
43 323 352 353
80 323 353 354
21 323 324 354
37 323 324 353
77 324 353 354
23 324 354 355
70 324 325 355
40 324 325 354
5 325 354 355
67 325 355 356
43 325 326 356
80 325 326 355
75 326 355 356
86 326 356 357
26 326 327 357
91 326 327 356
55 327 356 357
64 327 357 358
96 327 328 358
36 327 328 357
94 328 357 358
4 328 358 359
98 328 329 359
13 328 329 358
11 329 358 359
89 329 359 360
60 329 330 360
80 329 330 359
19 330 359 360
34 330 360 361
83 330 331 361
84 330 331 360
10 331 360 361
45 331 361 362
6 331 332 362
70 331 332 361
14 332 361 362
84 332 362 363
23 332 333 363
30 332 333 362
3 333 362 363
12 333 363 364
5 333 334 364
51 333 334 363
7 334 363 364
78 334 364 365
1 334 335 365
4 334 335 364
18 335 364 365
79 335 365 366
32 335 336 366
22 335 336 365
9 336 365 366
81 336 366 367
41 336 337 367
79 336 337 366
40 337 366 367
81 337 367 368
50 337 338 368
42 337 338 367
64 338 367 368
80 338 368 369
46 338 339 369
6 338 339 368
54 339 368 369
48 339 369 370
10 339 340 370
37 339 340 369
24 340 369 370
3 340 370 371
9 340 341 371
3 340 341 370
4 341 370 371
80 341 371 372
100 341 342 372
83 341 342 371
100 342 371 372
53 342 372 373
94 342 343 373
37 342 343 372
86 343 372 373
61 343 373 374
75 343 344 374
32 343 344 373
63 344 373 374
3 344 374 375
12 344 345 375
100 344 345 374
78 345 374 375
83 346 376 377
46 346 347 377
37 346 347 376
3 347 376 377
50 347 377 378
8 347 348 378
57 347 348 377
31 348 377 378
86 348 378 379
11 348 349 379
31 348 349 378
68 349 378 379
72 349 379 380
2 349 350 380
13 349 350 379
61 350 379 380
5 350 380 381
20 350 351 381
83 350 351 380
93 351 380 381
21 351 381 382
90 351 352 382
25 351 352 381
1 352 381 382
67 352 382 383
4 352 353 383
44 352 353 382
80 353 382 383
7 353 383 384
66 353 354 384
58 353 354 383
31 354 383 384
97 354 384 385
77 354 355 385
14 354 355 384
49 355 384 385
56 355 385 386
34 355 356 386
80 355 356 385
14 356 385 386
61 356 386 387
23 356 357 387
60 356 357 386
73 357 386 387
1 357 387 388
85 357 358 388
98 357 358 387
33 358 387 388
26 358 388 389
51 358 359 389
69 358 359 388
52 359 388 389
25 359 389 390
64 359 360 390
0 359 360 389
76 360 389 390
37 360 390 391
20 360 361 391
11 360 361 390
18 361 390 391
44 361 391 392
10 361 362 392
1 361 362 391
78 362 391 392
23 362 392 393
88 362 363 393
87 362 363 392
55 363 392 393
87 363 393 394
73 363 364 394
40 363 364 393
93 364 393 394
90 364 394 395
9 364 365 395
16 364 365 394
63 365 394 395
15 365 395 396
82 365 366 396
22 365 366 395
34 366 395 396
4 366 396 397
5 366 367 397
56 366 367 396
12 367 396 397
18 367 397 398
24 367 368 398
20 367 368 397
47 368 397 398
56 368 398 399
82 368 369 399
31 368 369 398
25 369 398 399
83 369 399 400
73 369 370 400
96 369 370 399
3 370 399 400
54 370 400 401
27 370 371 401
42 370 371 400
28 371 400 401
8 371 401 402
35 371 372 402
65 371 372 401
50 372 401 402
72 372 402 403
75 372 373 403
62 372 373 402
36 373 402 403
13 373 403 404
49 373 374 404
31 373 374 403
46 374 403 404
77 374 404 405
51 374 375 405
98 374 375 404
48 375 404 405
61 376 406 407
84 376 377 407
67 376 377 406
82 377 406 407
63 377 407 408
47 377 378 408
7 377 378 407
71 378 407 408
47 378 408 409
14 378 379 409
89 378 379 408
67 379 408 409
97 379 409 410
72 379 380 410
76 379 380 409
45 380 409 410
21 380 410 411
62 380 381 411
3 380 381 410
75 381 410 411
24 381 411 412
89 381 382 412
67 381 382 411
8 382 411 412
3 382 412 413
40 382 383 413
15 382 383 412
43 383 412 413
53 383 413 414
35 383 384 414
32 383 384 413
55 384 413 414
80 384 414 415
10 384 385 415
99 384 385 414
8 385 414 415
44 385 415 416
55 385 386 416
93 385 386 415
18 386 415 416
25 386 416 417
21 386 387 417
22 386 387 416
2 387 416 417
74 387 417 418
0 387 388 418
28 387 388 417
65 388 417 418
46 388 418 419
19 388 389 419
53 388 389 418
29 389 418 419
89 389 419 420
93 389 390 420
16 389 390 419
0 390 419 420
88 390 420 421
38 390 391 421
65 390 391 420
95 391 420 421
28 391 421 422
67 391 392 422
96 391 392 421
84 392 421 422
81 392 422 423
64 392 393 423
99 392 393 422
11 393 422 423
24 393 423 424
100 393 394 424
80 393 394 423
82 394 423 424
86 394 424 425
1 394 395 425
69 394 395 424
25 395 424 425
9 395 425 426
48 395 396 426
28 395 396 425
22 396 425 426
40 396 426 427
28 396 397 427
58 396 397 426
40 397 426 427
11 397 427 428
36 397 398 428
89 397 398 427
23 398 427 428
4 398 428 429
65 398 399 429
100 398 399 428
34 399 428 429
80 399 429 430
57 399 400 430
36 399 400 429
69 400 429 430
41 400 430 431
42 400 401 431
22 400 401 430
42 401 430 431
11 401 431 432
47 401 402 432
71 401 402 431
10 402 431 432
17 402 432 433
79 402 403 433
88 402 403 432
28 403 432 433
54 403 433 434
41 403 404 434
36 403 404 433
43 404 433 434
35 404 434 435
24 404 405 435
27 404 405 434
93 405 434 435
18 406 436 437
66 406 407 437
22 406 407 436
33 407 436 437
56 407 437 438
94 407 408 438
97 407 408 437
19 408 437 438
41 408 438 439
38 408 409 439
26 408 409 438
11 409 438 439
1 409 439 440
35 409 410 440
90 409 410 439
93 410 439 440
59 410 440 441
43 410 411 441
59 410 411 440
39 411 440 441
75 411 441 442
23 411 412 442
10 411 412 441
79 412 441 442
21 412 442 443
71 412 413 443
76 412 413 442
98 413 442 443
19 413 443 444
95 413 414 444
11 413 414 443
13 414 443 444
46 414 444 445
88 414 415 445
70 414 415 444
57 415 444 445
15 415 445 446
95 415 416 446
68 415 416 445
64 416 445 446
35 416 446 447
39 416 417 447
85 416 417 446
81 417 446 447
100 417 447 448
58 417 418 448
58 417 418 447
53 418 447 448
66 418 448 449
100 418 419 449
51 418 419 448
7 419 448 449
77 419 449 450
62 419 420 450
57 419 420 449
99 420 449 450
58 420 450 451
20 420 421 451
3 420 421 450
99 421 450 451
70 421 451 452
15 421 422 452
1 421 422 451
88 422 451 452
9 422 452 453
9 422 423 453
74 422 423 452
69 423 452 453
58 423 453 454
1 423 424 454
98 423 424 453
80 424 453 454
78 424 454 455
12 424 425 455
75 424 425 454
30 425 454 455
28 425 455 456
47 425 426 456
59 425 426 455
85 426 455 456
24 426 456 457
10 426 427 457
42 426 427 456
72 427 456 457
96 427 457 458
34 427 428 458
55 427 428 457
27 428 457 458
22 428 458 459
85 428 429 459
4 428 429 458
61 429 458 459
54 429 459 460
47 429 430 460
37 429 430 459
96 430 459 460
9 430 460 461
70 430 431 461
27 430 431 460
0 431 460 461
10 431 461 462
60 431 432 462
44 431 432 461
79 432 461 462
84 432 462 463
12 432 433 463
7 432 433 462
35 433 462 463
51 433 463 464
66 433 434 464
76 433 434 463
31 434 463 464
26 434 464 465
49 434 435 465
88 434 435 464
97 435 464 465
66 436 466 467
23 436 437 467
41 436 437 466
48 437 466 467
70 437 467 468
13 437 438 468
35 437 438 467
82 438 467 468
43 438 468 469
40 438 439 469
1 438 439 468
35 439 468 469
5 439 469 470
26 439 440 470
84 439 440 469
26 440 469 470
6 440 470 471
11 440 441 471
18 440 441 470
58 441 470 471
89 441 471 472
67 441 442 472
4 441 442 471
7 442 471 472
60 442 472 473
70 442 443 473
42 442 443 472
59 443 472 473
76 443 473 474
38 443 444 474
28 443 444 473
91 444 473 474
42 444 474 475
8 444 445 475
93 444 445 474
41 445 474 475
57 445 475 476
17 445 446 476
32 445 446 475
53 446 475 476
45 446 476 477
80 446 447 477
63 446 447 476
95 447 476 477
88 447 477 478
46 447 448 478
28 447 448 477
19 448 477 478
16 448 478 479
94 448 449 479
47 448 449 478
77 449 478 479
95 449 479 480
88 449 450 480
8 449 450 479
61 450 479 480
32 450 480 481
26 450 451 481
17 450 451 480
60 451 480 481
80 451 481 482
45 451 452 482
18 451 452 481
7 452 481 482
45 452 482 483
15 452 453 483
29 452 453 482
68 453 482 483
61 453 483 484
76 453 454 484
55 453 454 483
33 454 483 484
97 454 484 485
36 454 455 485
62 454 455 484
19 455 484 485
8 455 485 486
36 455 456 486
73 455 456 485
8 456 485 486
84 456 486 487
65 456 457 487
34 456 457 486
17 457 486 487
11 457 487 488
11 457 458 488
64 457 458 487
30 458 487 488
83 458 488 489
51 458 459 489
67 458 459 488
22 459 488 489
47 459 489 490
55 459 460 490
73 459 460 489
23 460 489 490
91 460 490 491
38 460 461 491
32 460 461 490
30 461 490 491
55 461 491 492
13 461 462 492
98 461 462 491
72 462 491 492
45 462 492 493
44 462 463 493
35 462 463 492
18 463 492 493
32 463 493 494
77 463 464 494
36 463 464 493
33 464 493 494
41 464 494 495
62 464 465 495
54 464 465 494
20 465 494 495
10 466 496 497
73 466 467 497
81 466 467 496
82 467 496 497
42 467 497 498
76 467 468 498
93 467 468 497
20 468 497 498
98 468 498 499
74 468 469 499
67 468 469 498
36 469 498 499
60 469 499 500
13 469 470 500
9 469 470 499
25 470 499 500
84 470 500 501
11 470 471 501
88 470 471 500
11 471 500 501
69 471 501 502
36 471 472 502
79 471 472 501
93 472 501 502
57 472 502 503
100 472 473 503
100 472 473 502
41 473 502 503
23 473 503 504
34 473 474 504
38 473 474 503
1 474 503 504
99 474 504 505
71 474 475 505
73 474 475 504
12 475 504 505
82 475 505 506
3 475 476 506
71 475 476 505
7 476 505 506
8 476 506 507
92 476 477 507
87 476 477 506
49 477 506 507
46 477 507 508
23 477 478 508
92 477 478 507
32 478 507 508
72 478 508 509
19 478 479 509
77 478 479 508
20 479 508 509
40 479 509 510
73 479 480 510
75 479 480 509
41 480 509 510
41 480 510 511
58 480 481 511
34 480 481 510
1 481 510 511
25 481 511 512
52 481 482 512
28 481 482 511
94 482 511 512
88 482 512 513
60 482 483 513
68 482 483 512
90 483 512 513
81 483 513 514
86 483 484 514
61 483 484 513
54 484 513 514
36 484 514 515
3 484 485 515
40 484 485 514
100 485 514 515
9 485 515 516
92 485 486 516
54 485 486 515
8 486 515 516
97 486 516 517
29 486 487 517
84 486 487 516
32 487 516 517
81 487 517 518
35 487 488 518
7 487 488 517
26 488 517 518
32 488 518 519
58 488 489 519
20 488 489 518
3 489 518 519
19 489 519 520
31 489 490 520
58 489 490 519
79 490 519 520
69 490 520 521
42 490 491 521
78 490 491 520
66 491 520 521
91 491 521 522
71 491 492 522
13 491 492 521
60 492 521 522
41 492 522 523
58 492 493 523
58 492 493 522
67 493 522 523
23 493 523 524
1 493 494 524
37 493 494 523
32 494 523 524
83 494 524 525
47 494 495 525
98 494 495 524
0 495 524 525
35 496 526 527
20 496 497 527
32 496 497 526
68 497 526 527
59 497 527 528
40 497 498 528
3 497 498 527
39 498 527 528
84 498 528 529
81 498 499 529
5 498 499 528
55 499 528 529
8 499 529 530
46 499 500 530
45 499 500 529
90 500 529 530
61 500 530 531
97 500 501 531
19 500 501 530
57 501 530 531
76 501 531 532
4 501 502 532
39 501 502 531
3 502 531 532
21 502 532 533
46 502 503 533
41 502 503 532
89 503 532 533
97 503 533 534
63 503 504 534
73 503 504 533
7 504 533 534
72 504 534 535
76 504 505 535
22 504 505 534
74 505 534 535
30 505 535 536
12 505 506 536
11 505 506 535
9 506 535 536
80 506 536 537
26 506 507 537
91 506 507 536
89 507 536 537
81 507 537 538
22 507 508 538
38 507 508 537
83 508 537 538
53 508 538 539
8 508 509 539
39 508 509 538
44 509 538 539
63 509 539 540
61 509 510 540
25 509 510 539
26 510 539 540
10 510 540 541
22 510 511 541
43 510 511 540
34 511 540 541
39 511 541 542
26 511 512 542
17 511 512 541
10 512 541 542
18 512 542 543
81 512 513 543
27 512 513 542
38 513 542 543
67 513 543 544
48 513 514 544
23 513 514 543
25 514 543 544
15 514 544 545
5 514 515 545
21 514 515 544
35 515 544 545
95 515 545 546
32 515 516 546
55 515 516 545
80 516 545 546
66 516 546 547
20 516 517 547
74 516 517 546
7 517 546 547
33 517 547 548
10 517 518 548
63 517 518 547
61 518 547 548
62 518 548 549
47 518 519 549
89 518 519 548
12 519 548 549
32 519 549 550
64 519 520 550
100 519 520 549
54 520 549 550
99 520 550 551
13 520 521 551
10 520 521 550
19 521 550 551
87 521 551 552
81 521 522 552
85 521 522 551
29 522 551 552
23 522 552 553
89 522 523 553
42 522 523 552
55 523 552 553
51 523 553 554
1 523 524 554
82 523 524 553
11 524 553 554
79 524 554 555
95 524 525 555
91 524 525 554
1 525 554 555
16 526 556 557
91 526 527 557
88 526 527 556
49 527 556 557
56 527 557 558
80 527 528 558
20 527 528 557
19 528 557 558
23 528 558 559
31 528 529 559
59 528 529 558
87 529 558 559
50 529 559 560
41 529 530 560
94 529 530 559
52 530 559 560
29 530 560 561
23 530 531 561
90 530 531 560
50 531 560 561
28 531 561 562
6 531 532 562
15 531 532 561
43 532 561 562
50 532 562 563
67 532 533 563
87 532 533 562
68 533 562 563
84 533 563 564
81 533 534 564
97 533 534 563
73 534 563 564
58 534 564 565
15 534 535 565
2 534 535 564
24 535 564 565
64 535 565 566
50 535 536 566
7 535 536 565
53 536 565 566
60 536 566 567
61 536 537 567
48 536 537 566
14 537 566 567
78 537 567 568
22 537 538 568
43 537 538 567
83 538 567 568
84 538 568 569
54 538 539 569
66 538 539 568
81 539 568 569
68 539 569 570
42 539 540 570
42 539 540 569
72 540 569 570
39 540 570 571
68 540 541 571
26 540 541 570
8 541 570 571
5 541 571 572
79 541 542 572
90 541 542 571
0 542 571 572
28 542 572 573
75 542 543 573
34 542 543 572
72 543 572 573
27 543 573 574
49 543 544 574
43 543 544 573
61 544 573 574
35 544 574 575
21 544 545 575
77 544 545 574
63 545 574 575
8 545 575 576
88 545 546 576
28 545 546 575
76 546 575 576
93 546 576 577
96 546 547 577
21 546 547 576
7 547 576 577
83 547 577 578
71 547 548 578
41 547 548 577
17 548 577 578
91 548 578 579
62 548 549 579
34 548 549 578
49 549 578 579
78 549 579 580
91 549 550 580
69 549 550 579
45 550 579 580
48 550 580 581
27 550 551 581
14 550 551 580
17 551 580 581
61 551 581 582
85 551 552 582
68 551 552 581
48 552 581 582
81 552 582 583
69 552 553 583
0 552 553 582
5 553 582 583
20 553 583 584
5 553 554 584
39 553 554 583
96 554 583 584
76 554 584 585
12 554 555 585
47 554 555 584
21 555 584 585
75 556 586 587
21 556 557 587
64 556 557 586
65 557 586 587
69 557 587 588
99 557 558 588
64 557 558 587
52 558 587 588
9 558 588 589
77 558 559 589
69 558 559 588
67 559 588 589
92 559 589 590
34 559 560 590
40 559 560 589
26 560 589 590
21 560 590 591
53 560 561 591
23 560 561 590
25 561 590 591
64 561 591 592
47 561 562 592
47 561 562 591
100 562 591 592
18 562 592 593
49 562 563 593
77 562 563 592
57 563 592 593
2 563 593 594
74 563 564 594
15 563 564 593
36 564 593 594
22 564 594 595
40 564 565 595
53 564 565 594
32 565 594 595
92 565 595 596
53 565 566 596
45 565 566 595
64 566 595 596
45 566 596 597
80 566 567 597
14 566 567 596
5 567 596 597
33 567 597 598
77 567 568 598
16 567 568 597
76 568 597 598
8 568 598 599
41 568 569 599
9 568 569 598
71 569 598 599
60 569 599 600
14 569 570 600
39 569 570 599
56 570 599 600
37 570 600 601
21 570 571 601
52 570 571 600
92 571 600 601
0 571 601 602
67 571 572 602
49 571 572 601
67 572 601 602
87 572 602 603
27 572 573 603
28 572 573 602
3 573 602 603
73 573 603 604
13 573 574 604
23 573 574 603
19 574 603 604
24 574 604 605
91 574 575 605
10 574 575 604
69 575 604 605
98 575 605 606
16 575 576 606
41 575 576 605
38 576 605 606
71 576 606 607
72 576 577 607
71 576 577 606
26 577 606 607
48 577 607 608
100 577 578 608
3 577 578 607
66 578 607 608
68 578 608 609
81 578 579 609
2 578 579 608
56 579 608 609
27 579 609 610
86 579 580 610
24 579 580 609
59 580 609 610
7 580 610 611
12 580 581 611
36 580 581 610
12 581 610 611
29 581 611 612
31 581 582 612
23 581 582 611
19 582 611 612
85 582 612 613
26 582 583 613
56 582 583 612
98 583 612 613
60 583 613 614
30 583 584 614
82 583 584 613
58 584 613 614
81 584 614 615
80 584 585 615
75 584 585 614
41 585 614 615
20 586 616 617
42 586 587 617
55 586 587 616
62 587 616 617
88 587 617 618
52 587 588 618
87 587 588 617
86 588 617 618
96 588 618 619
39 588 589 619
67 588 589 618
57 589 618 619
65 589 619 620
61 589 590 620
33 589 590 619
71 590 619 620
43 590 620 621
84 590 591 621
68 590 591 620
14 591 620 621
74 591 621 622
13 591 592 622
29 591 592 621
15 592 621 622
22 592 622 623
61 592 593 623
77 592 593 622
87 593 622 623
9 593 623 624
49 593 594 624
93 593 594 623
33 594 623 624
78 594 624 625
6 594 595 625
2 594 595 624
70 595 624 625
9 595 625 626
54 595 596 626
36 595 596 625
55 596 625 626
96 596 626 627
78 596 597 627
70 596 597 626
96 597 626 627
22 597 627 628
64 597 598 628
49 597 598 627
0 598 627 628
62 598 628 629
32 598 599 629
58 598 599 628
69 599 628 629
56 599 629 630
34 599 600 630
0 599 600 629
80 600 629 630
39 600 630 631
88 600 601 631
91 600 601 630
92 601 630 631
94 601 631 632
36 601 602 632
37 601 602 631
94 602 631 632
58 602 632 633
89 602 603 633
69 602 603 632
29 603 632 633
13 603 633 634
61 603 604 634
21 603 604 633
26 604 633 634
50 604 634 635
12 604 605 635
32 604 605 634
75 605 634 635
72 605 635 636
98 605 606 636
80 605 606 635
80 606 635 636
84 606 636 637
40 606 607 637
17 606 607 636
97 607 636 637
8 607 637 638
81 607 608 638
81 607 608 637
4 608 637 638
73 608 638 639
19 608 609 639
80 608 609 638
19 609 638 639
30 609 639 640
41 609 610 640
71 609 610 639
13 610 639 640
76 610 640 641
54 610 611 641
78 610 611 640
78 611 640 641
53 611 641 642
8 611 612 642
98 611 612 641
67 612 641 642
33 612 642 643
26 612 613 643
99 612 613 642
12 613 642 643
44 613 643 644
27 613 614 644
91 613 614 643
69 614 643 644
10 614 644 645
30 614 615 645
82 614 615 644
59 615 644 645
36 616 646 647
43 616 617 647
18 616 617 646
72 617 646 647
65 617 647 648
87 617 618 648
52 617 618 647
16 618 647 648
56 618 648 649
99 618 619 649
23 618 619 648
6 619 648 649
20 619 649 650
68 619 620 650
97 619 620 649
62 620 649 650
8 620 650 651
41 620 621 651
42 620 621 650
64 621 650 651
76 621 651 652
25 621 622 652
61 621 622 651
29 622 651 652
42 622 652 653
3 622 623 653
72 622 623 652
78 623 652 653
95 623 653 654
45 623 624 654
49 623 624 653
72 624 653 654
72 624 654 655
43 624 625 655
4 624 625 654
58 625 654 655
59 625 655 656
22 625 626 656
54 625 626 655
71 626 655 656
84 626 656 657
65 626 627 657
76 626 627 656
57 627 656 657
74 627 657 658
89 627 628 658
88 627 628 657
2 628 657 658
24 628 658 659
98 628 629 659
15 628 629 658
54 629 658 659
85 629 659 660
67 629 630 660
74 629 630 659
32 630 659 660
63 630 660 661
75 630 631 661
41 630 631 660
75 631 660 661
10 631 661 662
49 631 632 662
1 631 632 661
42 632 661 662
30 632 662 663
78 632 633 663
28 632 633 662
48 633 662 663
53 633 663 664
92 633 634 664
71 633 634 663
8 634 663 664
54 634 664 665
51 634 635 665
9 634 635 664
21 635 664 665
3 635 665 666
46 635 636 666
82 635 636 665
25 636 665 666
34 636 666 667
50 636 637 667
87 636 637 666
38 637 666 667
92 637 667 668
57 637 638 668
9 637 638 667
53 638 667 668
17 638 668 669
48 638 639 669
84 638 639 668
14 639 668 669
27 639 669 670
69 639 640 670
55 639 640 669
20 640 669 670
15 640 670 671
97 640 641 671
24 640 641 670
81 641 670 671
52 641 671 672
54 641 642 672
36 641 642 671
50 642 671 672
96 642 672 673
60 642 643 673
64 642 643 672
66 643 672 673
68 643 673 674
12 643 644 674
12 643 644 673
84 644 673 674
7 644 674 675
2 644 645 675
51 644 645 674
93 645 674 675
