30 1 17 18
83 1 2 18
67 1 2 17
78 2 17 18
84 2 18 19
60 2 3 19
40 2 3 18
89 3 18 19
2 3 19 20
67 3 4 20
100 3 4 19
58 4 19 20
17 4 20 21
34 4 5 21
72 4 5 20
17 5 20 21
78 5 21 22
70 5 6 22
12 5 6 21
40 6 21 22
62 6 22 23
97 6 7 23
58 6 7 22
26 7 22 23
49 7 23 24
34 7 8 24
14 7 8 23
71 8 23 24
31 8 24 25
69 8 9 25
17 8 9 24
79 9 24 25
59 9 25 26
26 9 10 26
4 9 10 25
77 10 25 26
84 10 26 27
74 10 11 27
92 10 11 26
74 11 26 27
79 11 27 28
41 11 12 28
66 11 12 27
40 12 27 28
74 12 28 29
53 12 13 29
83 12 13 28
73 13 28 29
67 13 29 30
54 13 14 30
90 13 14 29
21 14 29 30
9 14 30 31
73 14 15 31
42 14 15 30
51 15 30 31
51 15 31 32
35 15 16 32
46 15 16 31
98 16 31 32
82 17 33 34
52 17 18 34
71 17 18 33
41 18 33 34
17 18 34 35
84 18 19 35
41 18 19 34
78 19 34 35
7 19 35 36
53 19 20 36
25 19 20 35
14 20 35 36
40 20 36 37
28 20 21 37
41 20 21 36
0 21 36 37
51 21 37 38
53 21 22 38
91 21 22 37
6 22 37 38
48 22 38 39
22 22 23 39
96 22 23 38
66 23 38 39
0 23 39 40
51 23 24 40
72 23 24 39
58 24 39 40
27 24 40 41
20 24 25 41
82 24 25 40
63 25 40 41
65 25 41 42
7 25 26 42
66 25 26 41
52 26 41 42
50 26 42 43
24 26 27 43
12 26 27 42
31 27 42 43
60 27 43 44
10 27 28 44
49 27 28 43
11 28 43 44
9 28 44 45
46 28 29 45
0 28 29 44
58 29 44 45
38 29 45 46
50 29 30 46
74 29 30 45
96 30 45 46
8 30 46 47
26 30 31 47
15 30 31 46
10 31 46 47
28 31 47 48
73 31 32 48
24 31 32 47
26 32 47 48
2 33 49 50
86 33 34 50
51 33 34 49
31 34 49 50
49 34 50 51
4 34 35 51
28 34 35 50
80 35 50 51
57 35 51 52
59 35 36 52
44 35 36 51
36 36 51 52
97 36 52 53
9 36 37 53
65 36 37 52
34 37 52 53
24 37 53 54
18 37 38 54
38 37 38 53
38 38 53 54
33 38 54 55
47 38 39 55
25 38 39 54
50 39 54 55
70 39 55 56
82 39 40 56
54 39 40 55
81 40 55 56
94 40 56 57
4 40 41 57
61 40 41 56
9 41 56 57
38 41 57 58
57 41 42 58
90 41 42 57
73 42 57 58
30 42 58 59
1 42 43 59
2 42 43 58
84 43 58 59
4 43 59 60
40 43 44 60
83 43 44 59
68 44 59 60
7 44 60 61
89 44 45 61
57 44 45 60
60 45 60 61
92 45 61 62
67 45 46 62
95 45 46 61
50 46 61 62
84 46 62 63
5 46 47 63
58 46 47 62
46 47 62 63
56 47 63 64
26 47 48 64
66 47 48 63
74 48 63 64
32 49 65 66
23 49 50 66
74 49 50 65
82 50 65 66
30 50 66 67
64 50 51 67
26 50 51 66
59 51 66 67
40 51 67 68
85 51 52 68
70 51 52 67
54 52 67 68
9 52 68 69
54 52 53 69
60 52 53 68
50 53 68 69
14 53 69 70
79 53 54 70
9 53 54 69
36 54 69 70
57 54 70 71
57 54 55 71
49 54 55 70
94 55 70 71
23 55 71 72
2 55 56 72
17 55 56 71
21 56 71 72
56 56 72 73
37 56 57 73
84 56 57 72
41 57 72 73
79 57 73 74
45 57 58 74
32 57 58 73
26 58 73 74
32 58 74 75
25 58 59 75
64 58 59 74
27 59 74 75
73 59 75 76
79 59 60 76
76 59 60 75
67 60 75 76
98 60 76 77
77 60 61 77
81 60 61 76
31 61 76 77
79 61 77 78
17 61 62 78
85 61 62 77
39 62 77 78
5 62 78 79
11 62 63 79
39 62 63 78
0 63 78 79
64 63 79 80
74 63 64 80
61 63 64 79
73 64 79 80
78 65 81 82
16 65 66 82
81 65 66 81
72 66 81 82
32 66 82 83
12 66 67 83
5 66 67 82
55 67 82 83
8 67 83 84
0 67 68 84
68 67 68 83
76 68 83 84
2 68 84 85
10 68 69 85
82 68 69 84
96 69 84 85
85 69 85 86
11 69 70 86
69 69 70 85
44 70 85 86
64 70 86 87
74 70 71 87
37 70 71 86
58 71 86 87
15 71 87 88
36 71 72 88
41 71 72 87
18 72 87 88
73 72 88 89
53 72 73 89
47 72 73 88
30 73 88 89
68 73 89 90
61 73 74 90
44 73 74 89
78 74 89 90
18 74 90 91
87 74 75 91
63 74 75 90
58 75 90 91
80 75 91 92
94 75 76 92
77 75 76 91
55 76 91 92
20 76 92 93
51 76 77 93
62 76 77 92
7 77 92 93
59 77 93 94
3 77 78 94
50 77 78 93
80 78 93 94
43 78 94 95
97 78 79 95
93 78 79 94
5 79 94 95
43 79 95 96
93 79 80 96
62 79 80 95
88 80 95 96
20 81 97 98
83 81 82 98
79 81 82 97
69 82 97 98
48 82 98 99
0 82 83 99
56 82 83 98
50 83 98 99
16 83 99 100
69 83 84 100
100 83 84 99
89 84 99 100
9 84 100 101
61 84 85 101
61 84 85 100
57 85 100 101
23 85 101 102
76 85 86 102
64 85 86 101
98 86 101 102
25 86 102 103
56 86 87 103
75 86 87 102
13 87 102 103
24 87 103 104
67 87 88 104
99 87 88 103
92 88 103 104
50 88 104 105
53 88 89 105
95 88 89 104
61 89 104 105
28 89 105 106
23 89 90 106
55 89 90 105
73 90 105 106
54 90 106 107
10 90 91 107
15 90 91 106
99 91 106 107
4 91 107 108
21 91 92 108
55 91 92 107
97 92 107 108
12 92 108 109
73 92 93 109
86 92 93 108
30 93 108 109
85 93 109 110
87 93 94 110
37 93 94 109
37 94 109 110
89 94 110 111
4 94 95 111
11 94 95 110
76 95 110 111
66 95 111 112
98 95 96 112
98 95 96 111
6 96 111 112
98 97 113 114
43 97 98 114
82 97 98 113
85 98 113 114
45 98 114 115
92 98 99 115
86 98 99 114
93 99 114 115
2 99 115 116
43 99 100 116
3 99 100 115
55 100 115 116
99 100 116 117
51 100 101 117
61 100 101 116
18 101 116 117
15 101 117 118
60 101 102 118
43 101 102 117
87 102 117 118
78 102 118 119
79 102 103 119
63 102 103 118
31 103 118 119
48 103 119 120
23 103 104 120
33 103 104 119
52 104 119 120
83 104 120 121
72 104 105 121
28 104 105 120
28 105 120 121
1 105 121 122
46 105 106 122
91 105 106 121
29 106 121 122
38 106 122 123
46 106 107 123
34 106 107 122
36 107 122 123
44 107 123 124
23 107 108 124
25 107 108 123
10 108 123 124
75 108 124 125
65 108 109 125
33 108 109 124
33 109 124 125
26 109 125 126
36 109 110 126
57 109 110 125
30 110 125 126
42 110 126 127
98 110 111 127
6 110 111 126
39 111 126 127
97 111 127 128
7 111 112 128
46 111 112 127
98 112 127 128
31 113 129 130
34 113 114 130
100 113 114 129
87 114 129 130
6 114 130 131
89 114 115 131
61 114 115 130
90 115 130 131
3 115 131 132
17 115 116 132
69 115 116 131
81 116 131 132
16 116 132 133
38 116 117 133
44 116 117 132
1 117 132 133
11 117 133 134
46 117 118 134
18 117 118 133
28 118 133 134
7 118 134 135
46 118 119 135
99 118 119 134
15 119 134 135
66 119 135 136
77 119 120 136
68 119 120 135
67 120 135 136
37 120 136 137
21 120 121 137
52 120 121 136
50 121 136 137
28 121 137 138
83 121 122 138
41 121 122 137
30 122 137 138
53 122 138 139
54 122 123 139
77 122 123 138
4 123 138 139
23 123 139 140
71 123 124 140
28 123 124 139
81 124 139 140
88 124 140 141
26 124 125 141
6 124 125 140
80 125 140 141
56 125 141 142
7 125 126 142
95 125 126 141
17 126 141 142
14 126 142 143
33 126 127 143
62 126 127 142
66 127 142 143
98 127 143 144
7 127 128 144
57 127 128 143
20 128 143 144
13 129 145 146
88 129 130 146
26 129 130 145
47 130 145 146
94 130 146 147
50 130 131 147
97 130 131 146
73 131 146 147
6 131 147 148
15 131 132 148
43 131 132 147
72 132 147 148
34 132 148 149
10 132 133 149
55 132 133 148
8 133 148 149
15 133 149 150
98 133 134 150
29 133 134 149
73 134 149 150
94 134 150 151
61 134 135 151
25 134 135 150
74 135 150 151
7 135 151 152
25 135 136 152
96 135 136 151
79 136 151 152
36 136 152 153
11 136 137 153
88 136 137 152
25 137 152 153
72 137 153 154
63 137 138 154
52 137 138 153
72 138 153 154
16 138 154 155
86 138 139 155
63 138 139 154
58 139 154 155
67 139 155 156
27 139 140 156
5 139 140 155
99 140 155 156
20 140 156 157
58 140 141 157
76 140 141 156
49 141 156 157
67 141 157 158
85 141 142 158
71 141 142 157
1 142 157 158
8 142 158 159
95 142 143 159
33 142 143 158
67 143 158 159
13 143 159 160
30 143 144 160
90 143 144 159
41 144 159 160
98 145 161 162
28 145 146 162
93 145 146 161
18 146 161 162
15 146 162 163
59 146 147 163
69 146 147 162
85 147 162 163
19 147 163 164
8 147 148 164
61 147 148 163
0 148 163 164
70 148 164 165
89 148 149 165
41 148 149 164
50 149 164 165
75 149 165 166
4 149 150 166
92 149 150 165
43 150 165 166
64 150 166 167
40 150 151 167
42 150 151 166
90 151 166 167
48 151 167 168
91 151 152 168
87 151 152 167
81 152 167 168
16 152 168 169
29 152 153 169
69 152 153 168
69 153 168 169
23 153 169 170
39 153 154 170
100 153 154 169
39 154 169 170
33 154 170 171
44 154 155 171
99 154 155 170
53 155 170 171
10 155 171 172
73 155 156 172
47 155 156 171
2 156 171 172
14 156 172 173
64 156 157 173
93 156 157 172
53 157 172 173
28 157 173 174
88 157 158 174
97 157 158 173
64 158 173 174
46 158 174 175
34 158 159 175
16 158 159 174
81 159 174 175
78 159 175 176
30 159 160 176
97 159 160 175
6 160 175 176
0 161 177 178
44 161 162 178
55 161 162 177
92 162 177 178
96 162 178 179
42 162 163 179
47 162 163 178
32 163 178 179
32 163 179 180
71 163 164 180
77 163 164 179
86 164 179 180
69 164 180 181
66 164 165 181
60 164 165 180
97 165 180 181
68 165 181 182
64 165 166 182
81 165 166 181
85 166 181 182
34 166 182 183
19 166 167 183
49 166 167 182
20 167 182 183
71 167 183 184
51 167 168 184
40 167 168 183
62 168 183 184
45 168 184 185
82 168 169 185
50 168 169 184
26 169 184 185
69 169 185 186
75 169 170 186
82 169 170 185
35 170 185 186
81 170 186 187
93 170 171 187
74 170 171 186
64 171 186 187
12 171 187 188
19 171 172 188
48 171 172 187
86 172 187 188
98 172 188 189
40 172 173 189
43 172 173 188
51 173 188 189
90 173 189 190
66 173 174 190
90 173 174 189
17 174 189 190
94 174 190 191
4 174 175 191
27 174 175 190
94 175 190 191
52 175 191 192
68 175 176 192
85 175 176 191
31 176 191 192
95 177 193 194
79 177 178 194
56 177 178 193
46 178 193 194
20 178 194 195
22 178 179 195
5 178 179 194
37 179 194 195
81 179 195 196
66 179 180 196
16 179 180 195
61 180 195 196
28 180 196 197
43 180 181 197
13 180 181 196
2 181 196 197
84 181 197 198
41 181 182 198
3 181 182 197
2 182 197 198
55 182 198 199
34 182 183 199
25 182 183 198
10 183 198 199
24 183 199 200
10 183 184 200
96 183 184 199
96 184 199 200
16 184 200 201
0 184 185 201
63 184 185 200
38 185 200 201
23 185 201 202
39 185 186 202
3 185 186 201
78 186 201 202
43 186 202 203
36 186 187 203
84 186 187 202
59 187 202 203
7 187 203 204
70 187 188 204
41 187 188 203
14 188 203 204
94 188 204 205
39 188 189 205
93 188 189 204
47 189 204 205
31 189 205 206
28 189 190 206
14 189 190 205
31 190 205 206
43 190 206 207
71 190 191 207
17 190 191 206
8 191 206 207
21 191 207 208
81 191 192 208
19 191 192 207
70 192 207 208
79 193 209 210
2 193 194 210
49 193 194 209
11 194 209 210
67 194 210 211
34 194 195 211
40 194 195 210
80 195 210 211
29 195 211 212
13 195 196 212
49 195 196 211
47 196 211 212
17 196 212 213
15 196 197 213
82 196 197 212
29 197 212 213
40 197 213 214
1 197 198 214
19 197 198 213
24 198 213 214
44 198 214 215
96 198 199 215
53 198 199 214
86 199 214 215
31 199 215 216
27 199 200 216
92 199 200 215
30 200 215 216
27 200 216 217
19 200 201 217
60 200 201 216
42 201 216 217
76 201 217 218
28 201 202 218
62 201 202 217
43 202 217 218
52 202 218 219
52 202 203 219
38 202 203 218
61 203 218 219
7 203 219 220
20 203 204 220
84 203 204 219
49 204 219 220
4 204 220 221
30 204 205 221
32 204 205 220
70 205 220 221
10 205 221 222
80 205 206 222
38 205 206 221
48 206 221 222
80 206 222 223
28 206 207 223
92 206 207 222
29 207 222 223
86 207 223 224
44 207 208 224
42 207 208 223
95 208 223 224
90 209 225 226
96 209 210 226
58 209 210 225
96 210 225 226
95 210 226 227
28 210 211 227
57 210 211 226
66 211 226 227
26 211 227 228
20 211 212 228
29 211 212 227
24 212 227 228
75 212 228 229
54 212 213 229
48 212 213 228
68 213 228 229
63 213 229 230
87 213 214 230
16 213 214 229
17 214 229 230
19 214 230 231
3 214 215 231
11 214 215 230
38 215 230 231
21 215 231 232
79 215 216 232
1 215 216 231
64 216 231 232
59 216 232 233
52 216 217 233
40 216 217 232
67 217 232 233
57 217 233 234
32 217 218 234
74 217 218 233
62 218 233 234
91 218 234 235
93 218 219 235
75 218 219 234
94 219 234 235
40 219 235 236
48 219 220 236
35 219 220 235
95 220 235 236
94 220 236 237
100 220 221 237
60 220 221 236
61 221 236 237
96 221 237 238
34 221 222 238
32 221 222 237
17 222 237 238
60 222 238 239
53 222 223 239
22 222 223 238
71 223 238 239
55 223 239 240
27 223 224 240
65 223 224 239
26 224 239 240
16 225 241 242
53 225 226 242
35 225 226 241
30 226 241 242
10 226 242 243
84 226 227 243
21 226 227 242
44 227 242 243
20 227 243 244
15 227 228 244
26 227 228 243
11 228 243 244
98 228 244 245
16 228 229 245
14 228 229 244
89 229 244 245
54 229 245 246
75 229 230 246
89 229 230 245
32 230 245 246
61 230 246 247
26 230 231 247
59 230 231 246
80 231 246 247
48 231 247 248
44 231 232 248
32 231 232 247
62 232 247 248
4 232 248 249
40 232 233 249
44 232 233 248
75 233 248 249
8 233 249 250
22 233 234 250
28 233 234 249
98 234 249 250
17 234 250 251
84 234 235 251
63 234 235 250
6 235 250 251
75 235 251 252
66 235 236 252
99 235 236 251
31 236 251 252
62 236 252 253
53 236 237 253
45 236 237 252
16 237 252 253
79 237 253 254
41 237 238 254
74 237 238 253
37 238 253 254
16 238 254 255
21 238 239 255
98 238 239 254
57 239 254 255
20 239 255 256
85 239 240 256
19 239 240 255
75 240 255 256
51 241 257 258
70 241 242 258
29 241 242 257
30 242 257 258
19 242 258 259
42 242 243 259
83 242 243 258
0 243 258 259
60 243 259 260
7 243 244 260
22 243 244 259
89 244 259 260
9 244 260 261
72 244 245 261
13 244 245 260
85 245 260 261
69 245 261 262
84 245 246 262
65 245 246 261
0 246 261 262
58 246 262 263
90 246 247 263
2 246 247 262
74 247 262 263
19 247 263 264
95 247 248 264
68 247 248 263
79 248 263 264
85 248 264 265
52 248 249 265
28 248 249 264
48 249 264 265
55 249 265 266
5 249 250 266
55 249 250 265
77 250 265 266
69 250 266 267
2 250 251 267
27 250 251 266
73 251 266 267
24 251 267 268
16 251 252 268
33 251 252 267
5 252 267 268
10 252 268 269
86 252 253 269
69 252 253 268
87 253 268 269
22 253 269 270
23 253 254 270
98 253 254 269
97 254 269 270
82 254 270 271
52 254 255 271
39 254 255 270
90 255 270 271
94 255 271 272
86 255 256 272
49 255 256 271
77 256 271 272
96 256 272 273
44 257 289 290
74 257 258 290
17 257 258 289
86 258 289 290
46 258 290 291
34 258 259 291
93 258 259 290
92 259 290 291
75 259 291 292
36 259 260 292
27 259 260 291
97 260 291 292
12 260 292 293
25 260 261 293
9 260 261 292
0 261 292 293
25 261 293 294
93 261 262 294
32 261 262 293
47 262 293 294
40 262 294 295
69 262 263 295
22 262 263 294
54 263 294 295
35 263 295 296
89 263 264 296
83 263 264 295
51 264 295 296
46 264 296 297
88 264 265 297
84 264 265 296
32 265 296 297
16 265 297 298
32 265 266 298
69 265 266 297
88 266 297 298
43 266 298 299
97 266 267 299
31 266 267 298
7 267 298 299
100 267 299 300
58 267 268 300
57 267 268 299
73 268 299 300
14 268 300 301
21 268 269 301
80 268 269 300
59 269 300 301
87 269 301 302
70 269 270 302
27 269 270 301
84 270 301 302
17 270 302 303
74 270 271 303
72 270 271 302
16 271 302 303
74 271 303 304
84 271 272 304
72 271 272 303
92 272 303 304
91 272 304 305
17 272 273 305
94 272 273 304
17 273 304 305
8 273 305 306
41 273 274 306
27 273 274 305
28 274 305 306
83 274 306 307
93 274 275 307
6 274 275 306
22 275 306 307
38 275 307 308
96 275 276 308
66 275 276 307
9 276 307 308
59 276 308 309
59 276 277 309
14 276 277 308
79 277 308 309
35 277 309 310
58 277 278 310
93 277 278 309
66 278 309 310
52 278 310 311
76 278 279 311
35 278 279 310
13 279 310 311
57 279 311 312
44 279 280 312
29 279 280 311
88 280 311 312
41 280 312 313
91 280 281 313
46 280 281 312
7 281 312 313
65 281 313 314
38 281 282 314
5 281 282 313
16 282 313 314
56 282 314 315
98 282 283 315
44 282 283 314
0 283 314 315
64 283 315 316
4 283 284 316
36 283 284 315
19 284 315 316
62 284 316 317
87 284 285 317
7 284 285 316
27 285 316 317
80 285 317 318
53 285 286 318
63 285 286 317
11 286 317 318
22 286 318 319
46 286 287 319
39 286 287 318
48 287 318 319
30 287 319 320
72 287 288 320
6 287 288 319
7 288 319 320
89 289 321 322
76 289 290 322
66 289 290 321
14 290 321 322
7 290 322 323
50 290 291 323
38 290 291 322
56 291 322 323
30 291 323 324
38 291 292 324
0 291 292 323
30 292 323 324
16 292 324 325
27 292 293 325
63 292 293 324
26 293 324 325
37 293 325 326
57 293 294 326
67 293 294 325
19 294 325 326
23 294 326 327
59 294 295 327
4 294 295 326
81 295 326 327
42 295 327 328
70 295 296 328
44 295 296 327
88 296 327 328
49 296 328 329
23 296 297 329
9 296 297 328
98 297 328 329
39 297 329 330
72 297 298 330
62 297 298 329
11 298 329 330
95 298 330 331
35 298 299 331
70 298 299 330
83 299 330 331
9 299 331 332
2 299 300 332
78 299 300 331
52 300 331 332
47 300 332 333
78 300 301 333
71 300 301 332
76 301 332 333
64 301 333 334
23 301 302 334
70 301 302 333
5 302 333 334
2 302 334 335
63 302 303 335
33 302 303 334
85 303 334 335
23 303 335 336
11 303 304 336
40 303 304 335
78 304 335 336
61 304 336 337
8 304 305 337
27 304 305 336
75 305 336 337
7 305 337 338
69 305 306 338
8 305 306 337
27 306 337 338
77 306 338 339
72 306 307 339
80 306 307 338
11 307 338 339
13 307 339 340
80 307 308 340
17 307 308 339
85 308 339 340
27 308 340 341
31 308 309 341
77 308 309 340
60 309 340 341
61 309 341 342
78 309 310 342
83 309 310 341
60 310 341 342
18 310 342 343
10 310 311 343
38 310 311 342
8 311 342 343
71 311 343 344
83 311 312 344
44 311 312 343
69 312 343 344
10 312 344 345
36 312 313 345
73 312 313 344
80 313 344 345
31 313 345 346
63 313 314 346
57 313 314 345
87 314 345 346
55 314 346 347
2 314 315 347
97 314 315 346
95 315 346 347
17 315 347 348
38 315 316 348
19 315 316 347
62 316 347 348
79 316 348 349
53 316 317 349
7 316 317 348
37 317 348 349
79 317 349 350
93 317 318 350
71 317 318 349
27 318 349 350
62 318 350 351
6 318 319 351
40 318 319 350
53 319 350 351
24 319 351 352
4 319 320 352
99 319 320 351
13 320 351 352
26 321 353 354
77 321 322 354
94 321 322 353
45 322 353 354
20 322 354 355
63 322 323 355
59 322 323 354
39 323 354 355
26 323 355 356
80 323 324 356
61 323 324 355
100 324 355 356
31 324 356 357
75 324 325 357
90 324 325 356
73 325 356 357
25 325 357 358
28 325 326 358
35 325 326 357
35 326 357 358
68 326 358 359
94 326 327 359
40 326 327 358
20 327 358 359
90 327 359 360
34 327 328 360
8 327 328 359
48 328 359 360
34 328 360 361
3 328 329 361
94 328 329 360
28 329 360 361
72 329 361 362
19 329 330 362
2 329 330 361
64 330 361 362
18 330 362 363
96 330 331 363
44 330 331 362
51 331 362 363
56 331 363 364
91 331 332 364
42 331 332 363
89 332 363 364
43 332 364 365
86 332 333 365
19 332 333 364
58 333 364 365
51 333 365 366
77 333 334 366
39 333 334 365
39 334 365 366
23 334 366 367
47 334 335 367
50 334 335 366
67 335 366 367
32 335 367 368
73 335 336 368
83 335 336 367
40 336 367 368
5 336 368 369
54 336 337 369
71 336 337 368
89 337 368 369
14 337 369 370
100 337 338 370
99 337 338 369
30 338 369 370
54 338 370 371
100 338 339 371
50 338 339 370
36 339 370 371
29 339 371 372
76 339 340 372
76 339 340 371
17 340 371 372
36 340 372 373
70 340 341 373
18 340 341 372
90 341 372 373
100 341 373 374
9 341 342 374
53 341 342 373
68 342 373 374
18 342 374 375
22 342 343 375
25 342 343 374
33 343 374 375
91 343 375 376
92 343 344 376
5 343 344 375
5 344 375 376
70 344 376 377
88 344 345 377
76 344 345 376
37 345 376 377
94 345 377 378
55 345 346 378
41 345 346 377
66 346 377 378
94 346 378 379
56 346 347 379
35 346 347 378
22 347 378 379
89 347 379 380
15 347 348 380
59 347 348 379
40 348 379 380
56 348 380 381
11 348 349 381
81 348 349 380
8 349 380 381
38 349 381 382
38 349 350 382
80 349 350 381
70 350 381 382
72 350 382 383
15 350 351 383
49 350 351 382
85 351 382 383
33 351 383 384
32 351 352 384
70 351 352 383
99 352 383 384
10 353 385 386
61 353 354 386
6 353 354 385
95 354 385 386
52 354 386 387
29 354 355 387
78 354 355 386
24 355 386 387
65 355 387 388
19 355 356 388
59 355 356 387
74 356 387 388
25 356 388 389
27 356 357 389
29 356 357 388
65 357 388 389
69 357 389 390
75 357 358 390
0 357 358 389
30 358 389 390
36 358 390 391
71 358 359 391
97 358 359 390
15 359 390 391
61 359 391 392
38 359 360 392
5 359 360 391
6 360 391 392
4 360 392 393
6 360 361 393
49 360 361 392
15 361 392 393
26 361 393 394
47 361 362 394
84 361 362 393
12 362 393 394
86 362 394 395
97 362 363 395
13 362 363 394
57 363 394 395
19 363 395 396
39 363 364 396
41 363 364 395
97 364 395 396
83 364 396 397
40 364 365 397
76 364 365 396
8 365 396 397
0 365 397 398
28 365 366 398
56 365 366 397
66 366 397 398
66 366 398 399
63 366 367 399
19 366 367 398
35 367 398 399
19 367 399 400
82 367 368 400
60 367 368 399
93 368 399 400
99 368 400 401
74 368 369 401
41 368 369 400
69 369 400 401
62 369 401 402
55 369 370 402
65 369 370 401
19 370 401 402
74 370 402 403
51 370 371 403
82 370 371 402
42 371 402 403
43 371 403 404
94 371 372 404
92 371 372 403
45 372 403 404
88 372 404 405
47 372 373 405
58 372 373 404
9 373 404 405
12 373 405 406
79 373 374 406
68 373 374 405
30 374 405 406
17 374 406 407
26 374 375 407
2 374 375 406
51 375 406 407
86 375 407 408
90 375 376 408
56 375 376 407
47 376 407 408
72 376 408 409
42 376 377 409
26 376 377 408
48 377 408 409
38 377 409 410
65 377 378 410
35 377 378 409
77 378 409 410
33 378 410 411
86 378 379 411
35 378 379 410
41 379 410 411
61 379 411 412
20 379 380 412
45 379 380 411
48 380 411 412
96 380 412 413
44 380 381 413
14 380 381 412
84 381 412 413
77 381 413 414
57 381 382 414
46 381 382 413
75 382 413 414
43 382 414 415
75 382 383 415
93 382 383 414
69 383 414 415
9 383 415 416
97 383 384 416
52 383 384 415
66 384 415 416
40 385 417 418
100 385 386 418
52 385 386 417
72 386 417 418
7 386 418 419
94 386 387 419
97 386 387 418
2 387 418 419
15 387 419 420
1 387 388 420
15 387 388 419
73 388 419 420
76 388 420 421
6 388 389 421
24 388 389 420
80 389 420 421
97 389 421 422
10 389 390 422
88 389 390 421
51 390 421 422
94 390 422 423
77 390 391 423
89 390 391 422
39 391 422 423
48 391 423 424
66 391 392 424
9 391 392 423
98 392 423 424
49 392 424 425
54 392 393 425
31 392 393 424
23 393 424 425
71 393 425 426
56 393 394 426
25 393 394 425
16 394 425 426
39 394 426 427
91 394 395 427
5 394 395 426
21 395 426 427
92 395 427 428
48 395 396 428
24 395 396 427
33 396 427 428
53 396 428 429
41 396 397 429
23 396 397 428
96 397 428 429
37 397 429 430
17 397 398 430
68 397 398 429
98 398 429 430
67 398 430 431
73 398 399 431
21 398 399 430
53 399 430 431
29 399 431 432
8 399 400 432
97 399 400 431
8 400 431 432
71 400 432 433
58 400 401 433
12 400 401 432
95 401 432 433
89 401 433 434
4 401 402 434
52 401 402 433
53 402 433 434
21 402 434 435
75 402 403 435
10 402 403 434
18 403 434 435
88 403 435 436
13 403 404 436
12 403 404 435
9 404 435 436
2 404 436 437
25 404 405 437
76 404 405 436
58 405 436 437
36 405 437 438
90 405 406 438
18 405 406 437
87 406 437 438
45 406 438 439
11 406 407 439
34 406 407 438
60 407 438 439
19 407 439 440
84 407 408 440
12 407 408 439
50 408 439 440
44 408 440 441
66 408 409 441
8 408 409 440
85 409 440 441
100 409 441 442
91 409 410 442
69 409 410 441
30 410 441 442
94 410 442 443
50 410 411 443
93 410 411 442
26 411 442 443
68 411 443 444
65 411 412 444
81 411 412 443
40 412 443 444
61 412 444 445
53 412 413 445
12 412 413 444
30 413 444 445
92 413 445 446
45 413 414 446
89 413 414 445
40 414 445 446
71 414 446 447
4 414 415 447
92 414 415 446
58 415 446 447
69 415 447 448
22 415 416 448
93 415 416 447
97 416 447 448
91 417 449 450
22 417 418 450
68 417 418 449
0 418 449 450
6 418 450 451
82 418 419 451
76 418 419 450
41 419 450 451
17 419 451 452
71 419 420 452
44 419 420 451
96 420 451 452
97 420 452 453
90 420 421 453
70 420 421 452
86 421 452 453
67 421 453 454
72 421 422 454
79 421 422 453
21 422 453 454
14 422 454 455
29 422 423 455
55 422 423 454
12 423 454 455
3 423 455 456
88 423 424 456
37 423 424 455
63 424 455 456
5 424 456 457
25 424 425 457
31 424 425 456
36 425 456 457
14 425 457 458
79 425 426 458
89 425 426 457
61 426 457 458
14 426 458 459
64 426 427 459
73 426 427 458
61 427 458 459
24 427 459 460
80 427 428 460
22 427 428 459
14 428 459 460
10 428 460 461
8 428 429 461
56 428 429 460
27 429 460 461
85 429 461 462
21 429 430 462
93 429 430 461
68 430 461 462
41 430 462 463
48 430 431 463
32 430 431 462
50 431 462 463
20 431 463 464
94 431 432 464
37 431 432 463
97 432 463 464
63 432 464 465
58 432 433 465
44 432 433 464
62 433 464 465
72 433 465 466
80 433 434 466
67 433 434 465
61 434 465 466
99 434 466 467
6 434 435 467
77 434 435 466
88 435 466 467
63 435 467 468
86 435 436 468
82 435 436 467
3 436 467 468
4 436 468 469
77 436 437 469
12 436 437 468
54 437 468 469
49 437 469 470
86 437 438 470
34 437 438 469
18 438 469 470
26 438 470 471
94 438 439 471
10 438 439 470
38 439 470 471
94 439 471 472
93 439 440 472
95 439 440 471
9 440 471 472
27 440 472 473
14 440 441 473
27 440 441 472
72 441 472 473
33 441 473 474
20 441 442 474
10 441 442 473
52 442 473 474
63 442 474 475
17 442 443 475
65 442 443 474
83 443 474 475
10 443 475 476
49 443 444 476
29 443 444 475
44 444 475 476
40 444 476 477
4 444 445 477
4 444 445 476
4 445 476 477
11 445 477 478
59 445 446 478
47 445 446 477
65 446 477 478
18 446 478 479
65 446 447 479
18 446 447 478
27 447 478 479
36 447 479 480
63 447 448 480
75 447 448 479
55 448 479 480
2 449 481 482
78 449 450 482
49 449 450 481
53 450 481 482
74 450 482 483
13 450 451 483
93 450 451 482
39 451 482 483
21 451 483 484
32 451 452 484
62 451 452 483
15 452 483 484
30 452 484 485
44 452 453 485
39 452 453 484
24 453 484 485
36 453 485 486
54 453 454 486
35 453 454 485
53 454 485 486
63 454 486 487
64 454 455 487
20 454 455 486
10 455 486 487
23 455 487 488
78 455 456 488
0 455 456 487
58 456 487 488
8 456 488 489
44 456 457 489
95 456 457 488
17 457 488 489
43 457 489 490
20 457 458 490
100 457 458 489
51 458 489 490
14 458 490 491
60 458 459 491
81 458 459 490
26 459 490 491
20 459 491 492
17 459 460 492
28 459 460 491
58 460 491 492
12 460 492 493
65 460 461 493
89 460 461 492
39 461 492 493
18 461 493 494
91 461 462 494
13 461 462 493
72 462 493 494
76 462 494 495
75 462 463 495
77 462 463 494
30 463 494 495
75 463 495 496
18 463 464 496
62 463 464 495
45 464 495 496
33 464 496 497
78 464 465 497
70 464 465 496
51 465 496 497
64 465 497 498
13 465 466 498
84 465 466 497
96 466 497 498
8 466 498 499
10 466 467 499
85 466 467 498
61 467 498 499
41 467 499 500
21 467 468 500
6 467 468 499
73 468 499 500
38 468 500 501
38 468 469 501
66 468 469 500
89 469 500 501
46 469 501 502
28 469 470 502
85 469 470 501
97 470 501 502
3 470 502 503
68 470 471 503
78 470 471 502
6 471 502 503
32 471 503 504
46 471 472 504
26 471 472 503
73 472 503 504
71 472 504 505
89 472 473 505
1 472 473 504
28 473 504 505
73 473 505 506
18 473 474 506
27 473 474 505
11 474 505 506
50 474 506 507
80 474 475 507
65 474 475 506
100 475 506 507
20 475 507 508
25 475 476 508
43 475 476 507
51 476 507 508
50 476 508 509
64 476 477 509
51 476 477 508
35 477 508 509
30 477 509 510
98 477 478 510
57 477 478 509
23 478 509 510
28 478 510 511
32 478 479 511
33 478 479 510
39 479 510 511
1 479 511 512
78 479 480 512
12 479 480 511
12 480 511 512
35 481 513 514
91 481 482 514
3 481 482 513
47 482 513 514
56 482 514 515
17 482 483 515
10 482 483 514
22 483 514 515
12 483 515 516
73 483 484 516
8 483 484 515
89 484 515 516
5 484 516 517
90 484 485 517
91 484 485 516
54 485 516 517
41 485 517 518
11 485 486 518
55 485 486 517
51 486 517 518
61 486 518 519
47 486 487 519
47 486 487 518
40 487 518 519
28 487 519 520
69 487 488 520
76 487 488 519
54 488 519 520
78 488 520 521
72 488 489 521
97 488 489 520
74 489 520 521
47 489 521 522
78 489 490 522
52 489 490 521
0 490 521 522
8 490 522 523
5 490 491 523
21 490 491 522
58 491 522 523
95 491 523 524
37 491 492 524
67 491 492 523
16 492 523 524
32 492 524 525
43 492 493 525
95 492 493 524
16 493 524 525
53 493 525 526
62 493 494 526
99 493 494 525
54 494 525 526
76 494 526 527
25 494 495 527
25 494 495 526
44 495 526 527
31 495 527 528
82 495 496 528
37 495 496 527
88 496 527 528
66 496 528 529
62 496 497 529
3 496 497 528
87 497 528 529
60 497 529 530
70 497 498 530
90 497 498 529
70 498 529 530
93 498 530 531
83 498 499 531
39 498 499 530
87 499 530 531
77 499 531 532
49 499 500 532
51 499 500 531
90 500 531 532
8 500 532 533
10 500 501 533
44 500 501 532
80 501 532 533
2 501 533 534
43 501 502 534
60 501 502 533
85 502 533 534
97 502 534 535
14 502 503 535
63 502 503 534
74 503 534 535
27 503 535 536
65 503 504 536
79 503 504 535
21 504 535 536
3 504 536 537
100 504 505 537
95 504 505 536
37 505 536 537
4 505 537 538
30 505 506 538
91 505 506 537
51 506 537 538
37 506 538 539
84 506 507 539
88 506 507 538
79 507 538 539
68 507 539 540
58 507 508 540
41 507 508 539
92 508 539 540
83 508 540 541
83 508 509 541
68 508 509 540
28 509 540 541
21 509 541 542
81 509 510 542
52 509 510 541
84 510 541 542
71 510 542 543
59 510 511 543
23 510 511 542
68 511 542 543
52 511 543 544
58 511 512 544
90 511 512 543
65 512 543 544
20 513 545 546
79 513 514 546
94 513 514 545
17 514 545 546
79 514 546 547
95 514 515 547
35 514 515 546
94 515 546 547
66 515 547 548
2 515 516 548
51 515 516 547
96 516 547 548
50 516 548 549
89 516 517 549
6 516 517 548
58 517 548 549
69 517 549 550
64 517 518 550
73 517 518 549
69 518 549 550
24 518 550 551
13 518 519 551
98 518 519 550
43 519 550 551
78 519 551 552
99 519 520 552
22 519 520 551
78 520 551 552
43 520 552 553
51 520 521 553
100 520 521 552
82 521 552 553
15 521 553 554
29 521 522 554
77 521 522 553
1 522 553 554
68 522 554 555
78 522 523 555
99 522 523 554
82 523 554 555
78 523 555 556
82 523 524 556
52 523 524 555
37 524 555 556
10 524 556 557
47 524 525 557
38 524 525 556
94 525 556 557
78 525 557 558
11 525 526 558
55 525 526 557
72 526 557 558
29 526 558 559
29 526 527 559
16 526 527 558
64 527 558 559
19 527 559 560
100 527 528 560
28 527 528 559
98 528 559 560
10 528 560 561
2 528 529 561
46 528 529 560
100 529 560 561
70 529 561 562
95 529 530 562
16 529 530 561
36 530 561 562
8 530 562 563
65 530 531 563
91 530 531 562
77 531 562 563
14 531 563 564
23 531 532 564
100 531 532 563
55 532 563 564
56 532 564 565
94 532 533 565
44 532 533 564
77 533 564 565
50 533 565 566
62 533 534 566
52 533 534 565
94 534 565 566
9 534 566 567
51 534 535 567
10 534 535 566
97 535 566 567
10 535 567 568
8 535 536 568
42 535 536 567
51 536 567 568
1 536 568 569
26 536 537 569
66 536 537 568
91 537 568 569
28 537 569 570
100 537 538 570
97 537 538 569
65 538 569 570
86 538 570 571
23 538 539 571
9 538 539 570
87 539 570 571
70 539 571 572
100 539 540 572
87 539 540 571
16 540 571 572
18 540 572 573
80 540 541 573
99 540 541 572
40 541 572 573
31 541 573 574
99 541 542 574
60 541 542 573
72 542 573 574
56 542 574 575
24 542 543 575
88 542 543 574
16 543 574 575
44 543 575 576
81 543 544 576
30 543 544 575
22 544 575 576
19 545 577 578
29 545 546 578
95 545 546 577
21 546 577 578
67 546 578 579
53 546 547 579
54 546 547 578
72 547 578 579
12 547 579 580
79 547 548 580
86 547 548 579
33 548 579 580
42 548 580 581
57 548 549 581
7 548 549 580
58 549 580 581
1 549 581 582
92 549 550 582
23 549 550 581
17 550 581 582
1 550 582 583
52 550 551 583
15 550 551 582
93 551 582 583
5 551 583 584
15 551 552 584
18 551 552 583
86 552 583 584
12 552 584 585
76 552 553 585
40 552 553 584
51 553 584 585
15 553 585 586
10 553 554 586
24 553 554 585
9 554 585 586
40 554 586 587
100 554 555 587
15 554 555 586
66 555 586 587
36 555 587 588
46 555 556 588
36 555 556 587
79 556 587 588
27 556 588 589
10 556 557 589
64 556 557 588
95 557 588 589
78 557 589 590
24 557 558 590
90 557 558 589
79 558 589 590
47 558 590 591
51 558 559 591
50 558 559 590
49 559 590 591
81 559 591 592
15 559 560 592
48 559 560 591
55 560 591 592
18 560 592 593
69 560 561 593
90 560 561 592
37 561 592 593
20 561 593 594
18 561 562 594
7 561 562 593
43 562 593 594
54 562 594 595
62 562 563 595
59 562 563 594
0 563 594 595
66 563 595 596
9 563 564 596
28 563 564 595
89 564 595 596
70 564 596 597
58 564 565 597
58 564 565 596
65 565 596 597
86 565 597 598
13 565 566 598
62 565 566 597
4 566 597 598
45 566 598 599
59 566 567 599
32 566 567 598
72 567 598 599
54 567 599 600
1 567 568 600
84 567 568 599
14 568 599 600
23 568 600 601
86 568 569 601
95 568 569 600
2 569 600 601
45 569 601 602
98 569 570 602
57 569 570 601
22 570 601 602
84 570 602 603
81 570 571 603
63 570 571 602
25 571 602 603
13 571 603 604
91 571 572 604
5 571 572 603
57 572 603 604
77 572 604 605
68 572 573 605
25 572 573 604
52 573 604 605
51 573 605 606
37 573 574 606
86 573 574 605
20 574 605 606
5 574 606 607
84 574 575 607
50 574 575 606
28 575 606 607
26 575 607 608
95 575 576 608
61 575 576 607
81 576 607 608
36 577 609 610
50 577 578 610
65 577 578 609
14 578 609 610
57 578 610 611
58 578 579 611
71 578 579 610
13 579 610 611
15 579 611 612
82 579 580 612
21 579 580 611
0 580 611 612
33 580 612 613
17 580 581 613
89 580 581 612
3 581 612 613
37 581 613 614
72 581 582 614
12 581 582 613
90 582 613 614
100 582 614 615
68 582 583 615
37 582 583 614
87 583 614 615
34 583 615 616
32 583 584 616
71 583 584 615
47 584 615 616
81 584 616 617
18 584 585 617
72 584 585 616
66 585 616 617
15 585 617 618
17 585 586 618
62 585 586 617
87 586 617 618
99 586 618 619
38 586 587 619
47 586 587 618
68 587 618 619
33 587 619 620
49 587 588 620
86 587 588 619
46 588 619 620
55 588 620 621
25 588 589 621
52 588 589 620
99 589 620 621
85 589 621 622
37 589 590 622
99 589 590 621
71 590 621 622
30 590 622 623
81 590 591 623
70 590 591 622
3 591 622 623
73 591 623 624
41 591 592 624
89 591 592 623
73 592 623 624
55 592 624 625
45 592 593 625
32 592 593 624
3 593 624 625
0 593 625 626
4 593 594 626
12 593 594 625
80 594 625 626
34 594 626 627
78 594 595 627
43 594 595 626
50 595 626 627
93 595 627 628
58 595 596 628
41 595 596 627
30 596 627 628
96 596 628 629
29 596 597 629
65 596 597 628
77 597 628 629
21 597 629 630
95 597 598 630
83 597 598 629
29 598 629 630
94 598 630 631
18 598 599 631
48 598 599 630
97 599 630 631
70 599 631 632
41 599 600 632
18 599 600 631
25 600 631 632
77 600 632 633
28 600 601 633
7 600 601 632
8 601 632 633
9 601 633 634
58 601 602 634
14 601 602 633
0 602 633 634
75 602 634 635
35 602 603 635
38 602 603 634
93 603 634 635
18 603 635 636
30 603 604 636
49 603 604 635
84 604 635 636
14 604 636 637
24 604 605 637
97 604 605 636
78 605 636 637
77 605 637 638
87 605 606 638
70 605 606 637
70 606 637 638
66 606 638 639
70 606 607 639
30 606 607 638
94 607 638 639
18 607 639 640
15 607 608 640
15 607 608 639
15 608 639 640
88 609 641 642
47 609 610 642
61 609 610 641
94 610 641 642
32 610 642 643
45 610 611 643
10 610 611 642
34 611 642 643
14 611 643 644
86 611 612 644
47 611 612 643
79 612 643 644
66 612 644 645
15 612 613 645
30 612 613 644
15 613 644 645
91 613 645 646
84 613 614 646
58 613 614 645
12 614 645 646
80 614 646 647
75 614 615 647
80 614 615 646
69 615 646 647
34 615 647 648
55 615 616 648
45 615 616 647
79 616 647 648
85 616 648 649
32 616 617 649
33 616 617 648
39 617 648 649
13 617 649 650
71 617 618 650
40 617 618 649
87 618 649 650
51 618 650 651
77 618 619 651
94 618 619 650
83 619 650 651
0 619 651 652
12 619 620 652
38 619 620 651
20 620 651 652
25 620 652 653
62 620 621 653
72 620 621 652
98 621 652 653
66 621 653 654
38 621 622 654
59 621 622 653
46 622 653 654
50 622 654 655
86 622 623 655
72 622 623 654
95 623 654 655
10 623 655 656
4 623 624 656
11 623 624 655
24 624 655 656
31 624 656 657
31 624 625 657
57 624 625 656
68 625 656 657
70 625 657 658
29 625 626 658
93 625 626 657
5 626 657 658
71 626 658 659
37 626 627 659
59 626 627 658
80 627 658 659
3 627 659 660
45 627 628 660
53 627 628 659
7 628 659 660
13 628 660 661
57 628 629 661
40 628 629 660
35 629 660 661
78 629 661 662
29 629 630 662
6 629 630 661
89 630 661 662
57 630 662 663
5 630 631 663
39 630 631 662
73 631 662 663
27 631 663 664
64 631 632 664
87 631 632 663
21 632 663 664
50 632 664 665
30 632 633 665
7 632 633 664
10 633 664 665
24 633 665 666
38 633 634 666
72 633 634 665
97 634 665 666
45 634 666 667
17 634 635 667
26 634 635 666
54 635 666 667
83 635 667 668
55 635 636 668
49 635 636 667
95 636 667 668
51 636 668 669
68 636 637 669
77 636 637 668
42 637 668 669
55 637 669 670
22 637 638 670
83 637 638 669
75 638 669 670
96 638 670 671
51 638 639 671
19 638 639 670
3 639 670 671
57 639 671 672
18 639 640 672
2 639 640 671
74 640 671 672
15 641 673 674
89 641 642 674
15 641 642 673
76 642 673 674
85 642 674 675
16 642 643 675
34 642 643 674
72 643 674 675
54 643 675 676
39 643 644 676
45 643 644 675
54 644 675 676
63 644 676 677
82 644 645 677
89 644 645 676
38 645 676 677
28 645 677 678
60 645 646 678
19 645 646 677
14 646 677 678
38 646 678 679
30 646 647 679
76 646 647 678
22 647 678 679
48 647 679 680
67 647 648 680
41 647 648 679
82 648 679 680
44 648 680 681
83 648 649 681
38 648 649 680
11 649 680 681
91 649 681 682
25 649 650 682
90 649 650 681
80 650 681 682
11 650 682 683
15 650 651 683
63 650 651 682
72 651 682 683
40 651 683 684
76 651 652 684
79 651 652 683
1 652 683 684
78 652 684 685
85 652 653 685
30 652 653 684
6 653 684 685
73 653 685 686
50 653 654 686
13 653 654 685
23 654 685 686
35 654 686 687
59 654 655 687
5 654 655 686
73 655 686 687
44 655 687 688
2 655 656 688
19 655 656 687
38 656 687 688
37 656 688 689
40 656 657 689
6 656 657 688
72 657 688 689
31 657 689 690
76 657 658 690
5 657 658 689
19 658 689 690
39 658 690 691
41 658 659 691
16 658 659 690
68 659 690 691
20 659 691 692
20 659 660 692
88 659 660 691
85 660 691 692
47 660 692 693
82 660 661 693
20 660 661 692
99 661 692 693
66 661 693 694
96 661 662 694
79 661 662 693
43 662 693 694
22 662 694 695
29 662 663 695
34 662 663 694
33 663 694 695
93 663 695 696
81 663 664 696
58 663 664 695
24 664 695 696
5 664 696 697
35 664 665 697
44 664 665 696
53 665 696 697
51 665 697 698
19 665 666 698
5 665 666 697
51 666 697 698
81 666 698 699
3 666 667 699
10 666 667 698
42 667 698 699
54 667 699 700
27 667 668 700
38 667 668 699
73 668 699 700
23 668 700 701
64 668 669 701
77 668 669 700
32 669 700 701
4 669 701 702
31 669 670 702
80 669 670 701
25 670 701 702
93 670 702 703
73 670 671 703
5 670 671 702
29 671 702 703
25 671 703 704
92 671 672 704
51 671 672 703
1 672 703 704
62 673 705 706
10 673 674 706
31 673 674 705
71 674 705 706
27 674 706 707
15 674 675 707
9 674 675 706
35 675 706 707
79 675 707 708
85 675 676 708
7 675 676 707
31 676 707 708
84 676 708 709
31 676 677 709
34 676 677 708
78 677 708 709
42 677 709 710
40 677 678 710
12 677 678 709
45 678 709 710
64 678 710 711
44 678 679 711
96 678 679 710
61 679 710 711
32 679 711 712
83 679 680 712
38 679 680 711
83 680 711 712
41 680 712 713
50 680 681 713
100 680 681 712
73 681 712 713
84 681 713 714
80 681 682 714
35 681 682 713
40 682 713 714
100 682 714 715
23 682 683 715
91 682 683 714
59 683 714 715
36 683 715 716
11 683 684 716
81 683 684 715
5 684 715 716
91 684 716 717
68 684 685 717
11 684 685 716
39 685 716 717
46 685 717 718
9 685 686 718
100 685 686 717
66 686 717 718
38 686 718 719
61 686 687 719
36 686 687 718
89 687 718 719
10 687 719 720
27 687 688 720
91 687 688 719
30 688 719 720
12 688 720 721
34 688 689 721
67 688 689 720
77 689 720 721
40 689 721 722
90 689 690 722
50 689 690 721
81 690 721 722
94 690 722 723
38 690 691 723
18 690 691 722
78 691 722 723
0 691 723 724
95 691 692 724
58 691 692 723
51 692 723 724
34 692 724 725
100 692 693 725
14 692 693 724
21 693 724 725
34 693 725 726
7 693 694 726
0 693 694 725
85 694 725 726
69 694 726 727
1 694 695 727
76 694 695 726
80 695 726 727
55 695 727 728
66 695 696 728
80 695 696 727
38 696 727 728
92 696 728 729
29 696 697 729
95 696 697 728
2 697 728 729
60 697 729 730
8 697 698 730
45 697 698 729
49 698 729 730
51 698 730 731
86 698 699 731
40 698 699 730
96 699 730 731
59 699 731 732
16 699 700 732
36 699 700 731
48 700 731 732
79 700 732 733
55 700 701 733
93 700 701 732
81 701 732 733
97 701 733 734
80 701 702 734
28 701 702 733
34 702 733 734
47 702 734 735
89 702 703 735
52 702 703 734
59 703 734 735
14 703 735 736
47 703 704 736
84 703 704 735
37 704 735 736
75 705 737 738
66 705 706 738
19 705 706 737
29 706 737 738
85 706 738 739
67 706 707 739
43 706 707 738
27 707 738 739
84 707 739 740
73 707 708 740
59 707 708 739
44 708 739 740
93 708 740 741
23 708 709 741
95 708 709 740
23 709 740 741
47 709 741 742
50 709 710 742
69 709 710 741
33 710 741 742
68 710 742 743
12 710 711 743
1 710 711 742
49 711 742 743
47 711 743 744
38 711 712 744
59 711 712 743
1 712 743 744
46 712 744 745
70 712 713 745
4 712 713 744
45 713 744 745
77 713 745 746
90 713 714 746
6 713 714 745
20 714 745 746
24 714 746 747
82 714 715 747
12 714 715 746
59 715 746 747
91 715 747 748
4 715 716 748
43 715 716 747
43 716 747 748
41 716 748 749
65 716 717 749
49 716 717 748
42 717 748 749
71 717 749 750
10 717 718 750
90 717 718 749
58 718 749 750
41 718 750 751
62 718 719 751
21 718 719 750
30 719 750 751
94 719 751 752
36 719 720 752
28 719 720 751
59 720 751 752
66 720 752 753
56 720 721 753
95 720 721 752
21 721 752 753
37 721 753 754
71 721 722 754
86 721 722 753
72 722 753 754
89 722 754 755
93 722 723 755
83 722 723 754
70 723 754 755
72 723 755 756
10 723 724 756
39 723 724 755
55 724 755 756
43 724 756 757
66 724 725 757
29 724 725 756
7 725 756 757
50 725 757 758
96 725 726 758
31 725 726 757
35 726 757 758
95 726 758 759
11 726 727 759
39 726 727 758
55 727 758 759
95 727 759 760
98 727 728 760
17 727 728 759
43 728 759 760
100 728 760 761
7 728 729 761
83 728 729 760
26 729 760 761
80 729 761 762
45 729 730 762
70 729 730 761
31 730 761 762
80 730 762 763
55 730 731 763
64 730 731 762
41 731 762 763
67 731 763 764
71 731 732 764
58 731 732 763
74 732 763 764
95 732 764 765
79 732 733 765
87 732 733 764
59 733 764 765
70 733 765 766
48 733 734 766
29 733 734 765
26 734 765 766
55 734 766 767
20 734 735 767
4 734 735 766
1 735 766 767
71 735 767 768
18 735 736 768
46 735 736 767
55 736 767 768
