39 1 18 19
100 1 2 19
85 1 2 18
43 2 18 19
24 2 19 20
83 2 3 20
36 2 3 19
29 3 19 20
85 3 20 21
22 3 4 21
37 3 4 20
49 4 20 21
15 4 21 22
62 4 5 22
12 4 5 21
36 5 21 22
32 5 22 23
93 5 6 23
78 5 6 22
50 6 22 23
37 6 23 24
29 6 7 24
10 6 7 23
22 7 23 24
77 7 24 25
79 7 8 25
0 7 8 24
27 8 24 25
95 8 25 26
6 8 9 26
77 8 9 25
40 9 25 26
16 9 26 27
99 9 10 27
11 9 10 26
68 10 26 27
15 10 27 28
23 10 11 28
83 10 11 27
99 11 27 28
5 11 28 29
92 11 12 29
42 11 12 28
80 12 28 29
99 12 29 30
77 12 13 30
18 12 13 29
49 13 29 30
21 13 30 31
96 13 14 31
32 13 14 30
9 14 30 31
31 14 31 32
12 14 15 32
38 14 15 31
83 15 31 32
89 15 32 33
72 15 16 33
20 15 16 32
36 16 32 33
22 16 33 34
14 16 17 34
88 16 17 33
69 17 33 34
5 18 35 36
52 18 19 36
33 18 19 35
52 19 35 36
5 19 36 37
35 19 20 37
56 19 20 36
10 20 36 37
13 20 37 38
66 20 21 38
88 20 21 37
54 21 37 38
9 21 38 39
31 21 22 39
73 21 22 38
95 22 38 39
67 22 39 40
33 22 23 40
32 22 23 39
54 23 39 40
86 23 40 41
13 23 24 41
47 23 24 40
52 24 40 41
14 24 41 42
29 24 25 42
97 24 25 41
13 25 41 42
49 25 42 43
36 25 26 43
24 25 26 42
14 26 42 43
9 26 43 44
16 26 27 44
44 26 27 43
56 27 43 44
51 27 44 45
44 27 28 45
65 27 28 44
95 28 44 45
76 28 45 46
99 28 29 46
4 28 29 45
57 29 45 46
35 29 46 47
98 29 30 47
25 29 30 46
67 30 46 47
24 30 47 48
67 30 31 48
3 30 31 47
93 31 47 48
74 31 48 49
39 31 32 49
61 31 32 48
91 32 48 49
63 32 49 50
4 32 33 50
37 32 33 49
16 33 49 50
98 33 50 51
75 33 34 51
33 33 34 50
32 34 50 51
28 35 52 53
13 35 36 53
83 35 36 52
28 36 52 53
82 36 53 54
100 36 37 54
6 36 37 53
28 37 53 54
34 37 54 55
69 37 38 55
71 37 38 54
15 38 54 55
69 38 55 56
44 38 39 56
88 38 39 55
6 39 55 56
61 39 56 57
100 39 40 57
29 39 40 56
45 40 56 57
74 40 57 58
35 40 41 58
45 40 41 57
14 41 57 58
33 41 58 59
77 41 42 59
52 41 42 58
29 42 58 59
84 42 59 60
32 42 43 60
47 42 43 59
49 43 59 60
44 43 60 61
93 43 44 61
8 43 44 60
79 44 60 61
7 44 61 62
50 44 45 62
13 44 45 61
95 45 61 62
75 45 62 63
2 45 46 63
1 45 46 62
84 46 62 63
87 46 63 64
16 46 47 64
51 46 47 63
79 47 63 64
75 47 64 65
50 47 48 65
77 47 48 64
19 48 64 65
74 48 65 66
36 48 49 66
19 48 49 65
42 49 65 66
16 49 66 67
14 49 50 67
27 49 50 66
60 50 66 67
92 50 67 68
25 50 51 68
21 50 51 67
72 51 67 68
68 52 69 70
86 52 53 70
24 52 53 69
37 53 69 70
0 53 70 71
68 53 54 71
19 53 54 70
54 54 70 71
98 54 71 72
16 54 55 72
29 54 55 71
96 55 71 72
43 55 72 73
26 55 56 73
91 55 56 72
87 56 72 73
81 56 73 74
85 56 57 74
60 56 57 73
76 57 73 74
6 57 74 75
41 57 58 75
93 57 58 74
66 58 74 75
17 58 75 76
72 58 59 76
18 58 59 75
85 59 75 76
40 59 76 77
55 59 60 77
83 59 60 76
81 60 76 77
37 60 77 78
8 60 61 78
79 60 61 77
32 61 77 78
7 61 78 79
50 61 62 79
25 61 62 78
92 62 78 79
57 62 79 80
49 62 63 80
61 62 63 79
43 63 79 80
22 63 80 81
14 63 64 81
81 63 64 80
18 64 80 81
17 64 81 82
34 64 65 82
59 64 65 81
60 65 81 82
22 65 82 83
96 65 66 83
23 65 66 82
72 66 82 83
5 66 83 84
26 66 67 84
79 66 67 83
76 67 83 84
96 67 84 85
46 67 68 85
9 67 68 84
30 68 84 85
78 69 86 87
90 69 70 87
33 69 70 86
12 70 86 87
48 70 87 88
77 70 71 88
71 70 71 87
66 71 87 88
95 71 88 89
55 71 72 89
40 71 72 88
3 72 88 89
69 72 89 90
14 72 73 90
11 72 73 89
95 73 89 90
96 73 90 91
81 73 74 91
69 73 74 90
99 74 90 91
67 74 91 92
14 74 75 92
23 74 75 91
97 75 91 92
79 75 92 93
99 75 76 93
87 75 76 92
94 76 92 93
82 76 93 94
66 76 77 94
23 76 77 93
7 77 93 94
42 77 94 95
88 77 78 95
60 77 78 94
87 78 94 95
60 78 95 96
29 78 79 96
1 78 79 95
59 79 95 96
95 79 96 97
65 79 80 97
39 79 80 96
96 80 96 97
83 80 97 98
75 80 81 98
98 80 81 97
61 81 97 98
19 81 98 99
7 81 82 99
44 81 82 98
10 82 98 99
24 82 99 100
39 82 83 100
10 82 83 99
71 83 99 100
40 83 100 101
66 83 84 101
89 83 84 100
60 84 100 101
76 84 101 102
79 84 85 102
82 84 85 101
13 85 101 102
34 86 103 104
4 86 87 104
47 86 87 103
60 87 103 104
66 87 104 105
20 87 88 105
76 87 88 104
48 88 104 105
77 88 105 106
62 88 89 106
56 88 89 105
95 89 105 106
15 89 106 107
54 89 90 107
46 89 90 106
32 90 106 107
11 90 107 108
70 90 91 108
10 90 91 107
7 91 107 108
95 91 108 109
75 91 92 109
85 91 92 108
89 92 108 109
11 92 109 110
31 92 93 110
1 92 93 109
69 93 109 110
31 93 110 111
11 93 94 111
75 93 94 110
48 94 110 111
94 94 111 112
96 94 95 112
95 94 95 111
6 95 111 112
79 95 112 113
33 95 96 113
77 95 96 112
82 96 112 113
92 96 113 114
6 96 97 114
47 96 97 113
91 97 113 114
58 97 114 115
36 97 98 115
37 97 98 114
42 98 114 115
21 98 115 116
11 98 99 116
74 98 99 115
92 99 115 116
72 99 116 117
98 99 100 117
62 99 100 116
22 100 116 117
36 100 117 118
32 100 101 118
20 100 101 117
63 101 117 118
89 101 118 119
36 101 102 119
100 101 102 118
48 102 118 119
33 103 120 121
52 103 104 121
37 103 104 120
28 104 120 121
61 104 121 122
37 104 105 122
100 104 105 121
37 105 121 122
50 105 122 123
78 105 106 123
88 105 106 122
1 106 122 123
91 106 123 124
87 106 107 124
44 106 107 123
36 107 123 124
32 107 124 125
5 107 108 125
76 107 108 124
27 108 124 125
14 108 125 126
1 108 109 126
9 108 109 125
99 109 125 126
30 109 126 127
73 109 110 127
45 109 110 126
12 110 126 127
68 110 127 128
76 110 111 128
6 110 111 127
57 111 127 128
15 111 128 129
100 111 112 129
21 111 112 128
35 112 128 129
87 112 129 130
58 112 113 130
79 112 113 129
18 113 129 130
68 113 130 131
91 113 114 131
100 113 114 130
32 114 130 131
17 114 131 132
62 114 115 132
5 114 115 131
4 115 131 132
71 115 132 133
19 115 116 133
55 115 116 132
61 116 132 133
66 116 133 134
68 116 117 134
87 116 117 133
46 117 133 134
59 117 134 135
24 117 118 135
5 117 118 134
4 118 134 135
33 118 135 136
44 118 119 136
46 118 119 135
76 119 135 136
37 120 137 138
50 120 121 138
10 120 121 137
45 121 137 138
55 121 138 139
69 121 122 139
84 121 122 138
46 122 138 139
31 122 139 140
4 122 123 140
10 122 123 139
41 123 139 140
23 123 140 141
49 123 124 141
97 123 124 140
56 124 140 141
83 124 141 142
45 124 125 142
15 124 125 141
8 125 141 142
83 125 142 143
45 125 126 143
40 125 126 142
71 126 142 143
1 126 143 144
6 126 127 144
23 126 127 143
62 127 143 144
28 127 144 145
11 127 128 145
65 127 128 144
46 128 144 145
61 128 145 146
82 128 129 146
25 128 129 145
86 129 145 146
99 129 146 147
80 129 130 147
20 129 130 146
90 130 146 147
59 130 147 148
66 130 131 148
14 130 131 147
39 131 147 148
68 131 148 149
31 131 132 149
25 131 132 148
92 132 148 149
96 132 149 150
48 132 133 150
31 132 133 149
7 133 149 150
42 133 150 151
57 133 134 151
37 133 134 150
2 134 150 151
28 134 151 152
55 134 135 152
38 134 135 151
69 135 151 152
19 135 152 153
22 135 136 153
85 135 136 152
77 136 152 153
22 137 154 155
22 137 138 155
45 137 138 154
77 138 154 155
88 138 155 156
72 138 139 156
70 138 139 155
19 139 155 156
83 139 156 157
49 139 140 157
27 139 140 156
55 140 156 157
12 140 157 158
18 140 141 158
86 140 141 157
57 141 157 158
50 141 158 159
52 141 142 159
86 141 142 158
18 142 158 159
88 142 159 160
59 142 143 160
41 142 143 159
31 143 159 160
66 143 160 161
87 143 144 161
52 143 144 160
54 144 160 161
23 144 161 162
37 144 145 162
65 144 145 161
88 145 161 162
59 145 162 163
3 145 146 163
93 145 146 162
18 146 162 163
18 146 163 164
85 146 147 164
54 146 147 163
57 147 163 164
36 147 164 165
75 147 148 165
91 147 148 164
39 148 164 165
14 148 165 166
96 148 149 166
62 148 149 165
78 149 165 166
54 149 166 167
80 149 150 167
82 149 150 166
42 150 166 167
97 150 167 168
38 150 151 168
28 150 151 167
69 151 167 168
35 151 168 169
79 151 152 169
68 151 152 168
18 152 168 169
71 152 169 170
68 152 153 170
76 152 153 169
100 153 169 170
88 154 171 172
93 154 155 172
75 154 155 171
66 155 171 172
62 155 172 173
89 155 156 173
36 155 156 172
90 156 172 173
82 156 173 174
37 156 157 174
46 156 157 173
20 157 173 174
80 157 174 175
73 157 158 175
34 157 158 174
10 158 174 175
51 158 175 176
6 158 159 176
89 158 159 175
97 159 175 176
22 159 176 177
72 159 160 177
6 159 160 176
79 160 176 177
50 160 177 178
40 160 161 178
35 160 161 177
6 161 177 178
45 161 178 179
70 161 162 179
31 161 162 178
53 162 178 179
39 162 179 180
94 162 163 180
91 162 163 179
40 163 179 180
27 163 180 181
18 163 164 181
14 163 164 180
89 164 180 181
15 164 181 182
95 164 165 182
1 164 165 181
55 165 181 182
28 165 182 183
18 165 166 183
6 165 166 182
33 166 182 183
17 166 183 184
71 166 167 184
81 166 167 183
25 167 183 184
33 167 184 185
93 167 168 185
30 167 168 184
27 168 184 185
10 168 185 186
49 168 169 186
69 168 169 185
39 169 185 186
92 169 186 187
5 169 170 187
14 169 170 186
16 170 186 187
86 171 188 189
57 171 172 189
73 171 172 188
23 172 188 189
71 172 189 190
68 172 173 190
56 172 173 189
63 173 189 190
72 173 190 191
24 173 174 191
51 173 174 190
85 174 190 191
73 174 191 192
76 174 175 192
92 174 175 191
56 175 191 192
22 175 192 193
88 175 176 193
82 175 176 192
93 176 192 193
67 176 193 194
30 176 177 194
59 176 177 193
94 177 193 194
75 177 194 195
84 177 178 195
30 177 178 194
72 178 194 195
35 178 195 196
2 178 179 196
2 178 179 195
31 179 195 196
50 179 196 197
71 179 180 197
38 179 180 196
60 180 196 197
85 180 197 198
72 180 181 198
84 180 181 197
25 181 197 198
75 181 198 199
69 181 182 199
96 181 182 198
88 182 198 199
38 182 199 200
88 182 183 200
41 182 183 199
3 183 199 200
26 183 200 201
95 183 184 201
36 183 184 200
19 184 200 201
89 184 201 202
41 184 185 202
44 184 185 201
16 185 201 202
76 185 202 203
6 185 186 203
31 185 186 202
31 186 202 203
53 186 203 204
40 186 187 204
55 186 187 203
46 187 203 204
41 188 205 206
69 188 189 206
78 188 189 205
58 189 205 206
61 189 206 207
6 189 190 207
7 189 190 206
73 190 206 207
16 190 207 208
66 190 191 208
93 190 191 207
77 191 207 208
9 191 208 209
69 191 192 209
55 191 192 208
7 192 208 209
4 192 209 210
68 192 193 210
32 192 193 209
80 193 209 210
66 193 210 211
12 193 194 211
11 193 194 210
62 194 210 211
58 194 211 212
78 194 195 212
38 194 195 211
84 195 211 212
79 195 212 213
63 195 196 213
54 195 196 212
96 196 212 213
84 196 213 214
66 196 197 214
43 196 197 213
94 197 213 214
20 197 214 215
6 197 198 215
26 197 198 214
4 198 214 215
18 198 215 216
65 198 199 216
59 198 199 215
75 199 215 216
43 199 216 217
25 199 200 217
22 199 200 216
23 200 216 217
81 200 217 218
68 200 201 218
9 200 201 217
7 201 217 218
12 201 218 219
42 201 202 219
65 201 202 218
36 202 218 219
7 202 219 220
81 202 203 220
88 202 203 219
40 203 219 220
41 203 220 221
26 203 204 221
51 203 204 220
25 204 220 221
62 205 222 223
52 205 206 223
18 205 206 222
96 206 222 223
82 206 223 224
48 206 207 224
83 206 207 223
33 207 223 224
57 207 224 225
74 207 208 225
47 207 208 224
54 208 224 225
50 208 225 226
70 208 209 226
51 208 209 225
73 209 225 226
10 209 226 227
28 209 210 227
3 209 210 226
17 210 226 227
42 210 227 228
65 210 211 228
16 210 211 227
29 211 227 228
93 211 228 229
72 211 212 229
10 211 212 228
69 212 228 229
82 212 229 230
81 212 213 230
15 212 213 229
40 213 229 230
71 213 230 231
30 213 214 231
0 213 214 230
7 214 230 231
69 214 231 232
2 214 215 232
25 214 215 231
40 215 231 232
81 215 232 233
54 215 216 233
23 215 216 232
26 216 232 233
67 216 233 234
50 216 217 234
3 216 217 233
82 217 233 234
62 217 234 235
27 217 218 235
22 217 218 234
82 218 234 235
51 218 235 236
97 218 219 236
97 218 219 235
8 219 235 236
0 219 236 237
75 219 220 237
90 219 220 236
77 220 236 237
85 220 237 238
14 220 221 238
10 220 221 237
24 221 237 238
77 222 239 240
60 222 223 240
57 222 223 239
48 223 239 240
43 223 240 241
51 223 224 241
32 223 224 240
31 224 240 241
51 224 241 242
51 224 225 242
4 224 225 241
71 225 241 242
55 225 242 243
24 225 226 243
40 225 226 242
66 226 242 243
80 226 243 244
65 226 227 244
42 226 227 243
93 227 243 244
44 227 244 245
45 227 228 245
25 227 228 244
90 228 244 245
69 228 245 246
88 228 229 246
90 228 229 245
65 229 245 246
61 229 246 247
2 229 230 247
77 229 230 246
9 230 246 247
17 230 247 248
60 230 231 248
30 230 231 247
33 231 247 248
84 231 248 249
7 231 232 249
81 231 232 248
46 232 248 249
30 232 249 250
62 232 233 250
68 232 233 249
26 233 249 250
18 233 250 251
96 233 234 251
64 233 234 250
84 234 250 251
84 234 251 252
85 234 235 252
44 234 235 251
73 235 251 252
44 235 252 253
12 235 236 253
82 235 236 252
54 236 252 253
44 236 253 254
19 236 237 254
22 236 237 253
23 237 253 254
92 237 254 255
24 237 238 255
40 237 238 254
28 238 254 255
51 239 256 257
28 239 240 257
36 239 240 256
10 240 256 257
52 240 257 258
31 240 241 258
56 240 241 257
86 241 257 258
93 241 258 259
64 241 242 259
55 241 242 258
72 242 258 259
2 242 259 260
57 242 243 260
82 242 243 259
13 243 259 260
99 243 260 261
74 243 244 261
45 243 244 260
96 244 260 261
66 244 261 262
20 244 245 262
7 244 245 261
38 245 261 262
62 245 262 263
13 245 246 263
97 245 246 262
76 246 262 263
4 246 263 264
77 246 247 264
99 246 247 263
21 247 263 264
41 247 264 265
45 247 248 265
9 247 248 264
14 248 264 265
51 248 265 266
43 248 249 266
85 248 249 265
58 249 265 266
82 249 266 267
11 249 250 267
98 249 250 266
18 250 266 267
95 250 267 268
47 250 251 268
53 250 251 267
15 251 267 268
90 251 268 269
59 251 252 269
56 251 252 268
43 252 268 269
48 252 269 270
39 252 253 270
52 252 253 269
37 253 269 270
69 253 270 271
45 253 254 271
37 253 254 270
31 254 270 271
40 254 271 272
96 254 255 272
74 254 255 271
43 255 271 272
54 256 273 274
41 256 257 274
15 256 257 273
40 257 273 274
15 257 274 275
78 257 258 275
54 257 258 274
27 258 274 275
57 258 275 276
97 258 259 276
91 258 259 275
88 259 275 276
10 259 276 277
54 259 260 277
69 259 260 276
49 260 276 277
47 260 277 278
16 260 261 278
85 260 261 277
1 261 277 278
77 261 278 279
83 261 262 279
94 261 262 278
24 262 278 279
51 262 279 280
96 262 263 280
51 262 263 279
43 263 279 280
20 263 280 281
60 263 264 281
28 263 264 280
37 264 280 281
30 264 281 282
54 264 265 282
76 264 265 281
62 265 281 282
16 265 282 283
15 265 266 283
72 265 266 282
94 266 282 283
71 266 283 284
35 266 267 284
80 266 267 283
56 267 283 284
34 267 284 285
57 267 268 285
84 267 268 284
9 268 284 285
48 268 285 286
63 268 269 286
91 268 269 285
78 269 285 286
96 269 286 287
78 269 270 287
27 269 270 286
95 270 286 287
84 270 287 288
52 270 271 288
52 270 271 287
53 271 287 288
52 271 288 289
32 271 272 289
83 271 272 288
8 272 288 289
77 273 290 291
33 273 274 291
46 273 274 290
33 274 290 291
46 274 291 292
19 274 275 292
45 274 275 291
66 275 291 292
69 275 292 293
4 275 276 293
6 275 276 292
2 276 292 293
74 276 293 294
4 276 277 294
51 276 277 293
54 277 293 294
34 277 294 295
18 277 278 295
69 277 278 294
48 278 294 295
90 278 295 296
79 278 279 296
26 278 279 295
11 279 295 296
60 279 296 297
63 279 280 297
96 279 280 296
47 280 296 297
17 280 297 298
45 280 281 298
71 280 281 297
93 281 297 298
44 281 298 299
100 281 282 299
57 281 282 298
57 282 298 299
59 282 299 300
93 282 283 300
47 282 283 299
16 283 299 300
66 283 300 301
7 283 284 301
12 283 284 300
78 284 300 301
43 284 301 302
39 284 285 302
73 284 285 301
44 285 301 302
84 285 302 303
85 285 286 303
74 285 286 302
76 286 302 303
76 286 303 304
95 286 287 304
91 286 287 303
76 287 303 304
54 287 304 305
58 287 288 305
95 287 288 304
66 288 304 305
92 288 305 306
32 288 289 306
50 288 289 305
25 289 305 306
53 289 306 307
46 290 324 325
46 290 291 325
96 290 291 324
53 291 324 325
79 291 325 326
56 291 292 326
51 291 292 325
84 292 325 326
48 292 326 327
67 292 293 327
20 292 293 326
72 293 326 327
54 293 327 328
14 293 294 328
95 293 294 327
93 294 327 328
34 294 328 329
62 294 295 329
56 294 295 328
90 295 328 329
61 295 329 330
39 295 296 330
37 295 296 329
82 296 329 330
20 296 330 331
100 296 297 331
26 296 297 330
40 297 330 331
15 297 331 332
79 297 298 332
96 297 298 331
86 298 331 332
36 298 332 333
95 298 299 333
73 298 299 332
87 299 332 333
89 299 333 334
64 299 300 334
6 299 300 333
22 300 333 334
3 300 334 335
44 300 301 335
71 300 301 334
91 301 334 335
2 301 335 336
14 301 302 336
66 301 302 335
58 302 335 336
77 302 336 337
52 302 303 337
20 302 303 336
1 303 336 337
22 303 337 338
24 303 304 338
56 303 304 337
1 304 337 338
71 304 338 339
38 304 305 339
42 304 305 338
5 305 338 339
45 305 339 340
34 305 306 340
26 305 306 339
72 306 339 340
39 306 340 341
15 306 307 341
73 306 307 340
15 307 340 341
18 307 341 342
90 307 308 342
96 307 308 341
82 308 341 342
82 308 342 343
26 308 309 343
13 308 309 342
78 309 342 343
2 309 343 344
91 309 310 344
96 309 310 343
67 310 343 344
6 310 344 345
40 310 311 345
13 310 311 344
53 311 344 345
37 311 345 346
40 311 312 346
40 311 312 345
84 312 345 346
78 312 346 347
35 312 313 347
78 312 313 346
6 313 346 347
78 313 347 348
82 313 314 348
32 313 314 347
45 314 347 348
28 314 348 349
8 314 315 349
48 314 315 348
52 315 348 349
74 315 349 350
36 315 316 350
6 315 316 349
49 316 349 350
58 316 350 351
61 316 317 351
60 316 317 350
32 317 350 351
56 317 351 352
11 317 318 352
94 317 318 351
85 318 351 352
42 318 352 353
91 318 319 353
5 318 319 352
13 319 352 353
96 319 353 354
80 319 320 354
7 319 320 353
44 320 353 354
100 320 354 355
54 320 321 355
5 320 321 354
49 321 354 355
8 321 355 356
29 321 322 356
5 321 322 355
8 322 355 356
68 322 356 357
28 322 323 357
8 322 323 356
90 323 356 357
96 324 358 359
2 324 325 359
44 324 325 358
30 325 358 359
72 325 359 360
50 325 326 360
27 325 326 359
21 326 359 360
8 326 360 361
88 326 327 361
1 326 327 360
98 327 360 361
17 327 361 362
65 327 328 362
6 327 328 361
30 328 361 362
77 328 362 363
90 328 329 363
86 328 329 362
28 329 362 363
80 329 363 364
64 329 330 364
42 329 330 363
100 330 363 364
95 330 364 365
97 330 331 365
13 330 331 364
99 331 364 365
54 331 365 366
94 331 332 366
5 331 332 365
21 332 365 366
30 332 366 367
88 332 333 367
25 332 333 366
64 333 366 367
34 333 367 368
88 333 334 368
4 333 334 367
2 334 367 368
52 334 368 369
77 334 335 369
99 334 335 368
74 335 368 369
12 335 369 370
73 335 336 370
86 335 336 369
17 336 369 370
93 336 370 371
10 336 337 371
78 336 337 370
6 337 370 371
82 337 371 372
11 337 338 372
72 337 338 371
13 338 371 372
74 338 372 373
37 338 339 373
83 338 339 372
66 339 372 373
97 339 373 374
85 339 340 374
35 339 340 373
33 340 373 374
88 340 374 375
59 340 341 375
31 340 341 374
83 341 374 375
45 341 375 376
74 341 342 376
26 341 342 375
98 342 375 376
23 342 376 377
31 342 343 377
29 342 343 376
4 343 376 377
88 343 377 378
40 343 344 378
5 343 344 377
84 344 377 378
47 344 378 379
63 344 345 379
44 344 345 378
0 345 378 379
54 345 379 380
78 345 346 380
62 345 346 379
44 346 379 380
24 346 380 381
35 346 347 381
36 346 347 380
13 347 380 381
39 347 381 382
44 347 348 382
85 347 348 381
24 348 381 382
46 348 382 383
16 348 349 383
21 348 349 382
83 349 382 383
41 349 383 384
1 349 350 384
5 349 350 383
29 350 383 384
86 350 384 385
36 350 351 385
24 350 351 384
24 351 384 385
97 351 385 386
69 351 352 386
38 351 352 385
100 352 385 386
56 352 386 387
89 352 353 387
87 352 353 386
36 353 386 387
72 353 387 388
80 353 354 388
14 353 354 387
19 354 387 388
81 354 388 389
81 354 355 389
39 354 355 388
86 355 388 389
73 355 389 390
36 355 356 390
52 355 356 389
21 356 389 390
89 356 390 391
87 356 357 391
44 356 357 390
12 357 390 391
46 358 392 393
34 358 359 393
76 358 359 392
21 359 392 393
55 359 393 394
84 359 360 394
39 359 360 393
44 360 393 394
46 360 394 395
55 360 361 395
87 360 361 394
72 361 394 395
9 361 395 396
24 361 362 396
91 361 362 395
53 362 395 396
7 362 396 397
99 362 363 397
34 362 363 396
60 363 396 397
75 363 397 398
16 363 364 398
12 363 364 397
16 364 397 398
17 364 398 399
39 364 365 399
8 364 365 398
15 365 398 399
46 365 399 400
11 365 366 400
63 365 366 399
26 366 399 400
25 366 400 401
73 366 367 401
64 366 367 400
11 367 400 401
33 367 401 402
47 367 368 402
19 367 368 401
30 368 401 402
23 368 402 403
4 368 369 403
4 368 369 402
95 369 402 403
42 369 403 404
71 369 370 404
70 369 370 403
55 370 403 404
65 370 404 405
52 370 371 405
20 370 371 404
77 371 404 405
56 371 405 406
44 371 372 406
54 371 372 405
62 372 405 406
14 372 406 407
29 372 373 407
9 372 373 406
45 373 406 407
41 373 407 408
69 373 374 408
68 373 374 407
68 374 407 408
33 374 408 409
11 374 375 409
9 374 375 408
43 375 408 409
78 375 409 410
57 375 376 410
2 375 376 409
51 376 409 410
35 376 410 411
95 376 377 411
65 376 377 410
66 377 410 411
30 377 411 412
25 377 378 412
52 377 378 411
72 378 411 412
34 378 412 413
57 378 379 413
24 378 379 412
47 379 412 413
5 379 413 414
87 379 380 414
56 379 380 413
21 380 413 414
32 380 414 415
83 380 381 415
65 380 381 414
18 381 414 415
8 381 415 416
18 381 382 416
1 381 382 415
56 382 415 416
100 382 416 417
15 382 383 417
74 382 383 416
72 383 416 417
36 383 417 418
53 383 384 418
66 383 384 417
67 384 417 418
65 384 418 419
2 384 385 419
45 384 385 418
50 385 418 419
87 385 419 420
41 385 386 420
31 385 386 419
63 386 419 420
98 386 420 421
29 386 387 421
18 386 387 420
98 387 420 421
20 387 421 422
6 387 388 422
86 387 388 421
18 388 421 422
59 388 422 423
62 388 389 423
27 388 389 422
43 389 422 423
75 389 423 424
6 389 390 424
97 389 390 423
99 390 423 424
43 390 424 425
73 390 391 425
32 390 391 424
72 391 424 425
67 392 426 427
1 392 393 427
58 392 393 426
49 393 426 427
51 393 427 428
40 393 394 428
9 393 394 427
58 394 427 428
33 394 428 429
90 394 395 429
34 394 395 428
21 395 428 429
40 395 429 430
73 395 396 430
41 395 396 429
77 396 429 430
78 396 430 431
36 396 397 431
28 396 397 430
13 397 430 431
45 397 431 432
16 397 398 432
94 397 398 431
86 398 431 432
13 398 432 433
64 398 399 433
25 398 399 432
70 399 432 433
12 399 433 434
87 399 400 434
38 399 400 433
7 400 433 434
90 400 434 435
73 400 401 435
15 400 401 434
56 401 434 435
45 401 435 436
6 401 402 436
53 401 402 435
23 402 435 436
24 402 436 437
67 402 403 437
31 402 403 436
30 403 436 437
90 403 437 438
12 403 404 438
45 403 404 437
25 404 437 438
87 404 438 439
70 404 405 439
13 404 405 438
60 405 438 439
30 405 439 440
99 405 406 440
95 405 406 439
7 406 439 440
95 406 440 441
30 406 407 441
62 406 407 440
95 407 440 441
41 407 441 442
83 407 408 442
83 407 408 441
85 408 441 442
22 408 442 443
81 408 409 443
71 408 409 442
82 409 442 443
29 409 443 444
20 409 410 444
24 409 410 443
62 410 443 444
67 410 444 445
21 410 411 445
36 410 411 444
66 411 444 445
24 411 445 446
85 411 412 446
35 411 412 445
98 412 445 446
18 412 446 447
43 412 413 447
66 412 413 446
7 413 446 447
82 413 447 448
82 413 414 448
16 413 414 447
24 414 447 448
61 414 448 449
85 414 415 449
74 414 415 448
47 415 448 449
61 415 449 450
38 415 416 450
8 415 416 449
38 416 449 450
93 416 450 451
1 416 417 451
47 416 417 450
24 417 450 451
90 417 451 452
90 417 418 452
100 417 418 451
60 418 451 452
50 418 452 453
17 418 419 453
85 418 419 452
79 419 452 453
18 419 453 454
29 419 420 454
85 419 420 453
95 420 453 454
9 420 454 455
15 420 421 455
18 420 421 454
12 421 454 455
90 421 455 456
66 421 422 456
25 421 422 455
15 422 455 456
4 422 456 457
36 422 423 457
55 422 423 456
29 423 456 457
58 423 457 458
100 423 424 458
46 423 424 457
77 424 457 458
35 424 458 459
27 424 425 459
82 424 425 458
88 425 458 459
46 426 460 461
9 426 427 461
76 426 427 460
48 427 460 461
0 427 461 462
78 427 428 462
66 427 428 461
80 428 461 462
87 428 462 463
53 428 429 463
47 428 429 462
18 429 462 463
44 429 463 464
80 429 430 464
63 429 430 463
64 430 463 464
7 430 464 465
17 430 431 465
51 430 431 464
36 431 464 465
91 431 465 466
80 431 432 466
48 431 432 465
99 432 465 466
94 432 466 467
25 432 433 467
99 432 433 466
1 433 466 467
29 433 467 468
75 433 434 468
19 433 434 467
81 434 467 468
16 434 468 469
99 434 435 469
77 434 435 468
11 435 468 469
87 435 469 470
50 435 436 470
75 435 436 469
89 436 469 470
92 436 470 471
44 436 437 471
56 436 437 470
69 437 470 471
23 437 471 472
11 437 438 472
53 437 438 471
81 438 471 472
10 438 472 473
54 438 439 473
93 438 439 472
91 439 472 473
85 439 473 474
48 439 440 474
23 439 440 473
84 440 473 474
22 440 474 475
86 440 441 475
73 440 441 474
42 441 474 475
73 441 475 476
61 441 442 476
29 441 442 475
58 442 475 476
41 442 476 477
91 442 443 477
90 442 443 476
93 443 476 477
16 443 477 478
97 443 444 478
96 443 444 477
84 444 477 478
31 444 478 479
21 444 445 479
81 444 445 478
36 445 478 479
85 445 479 480
55 445 446 480
50 445 446 479
23 446 479 480
45 446 480 481
13 446 447 481
23 446 447 480
52 447 480 481
11 447 481 482
2 447 448 482
73 447 448 481
57 448 481 482
53 448 482 483
17 448 449 483
62 448 449 482
14 449 482 483
83 449 483 484
75 449 450 484
60 449 450 483
95 450 483 484
15 450 484 485
12 450 451 485
36 450 451 484
4 451 484 485
90 451 485 486
55 451 452 486
8 451 452 485
79 452 485 486
7 452 486 487
77 452 453 487
1 452 453 486
83 453 486 487
90 453 487 488
79 453 454 488
46 453 454 487
16 454 487 488
47 454 488 489
63 454 455 489
8 454 455 488
93 455 488 489
7 455 489 490
78 455 456 490
80 455 456 489
24 456 489 490
76 456 490 491
13 456 457 491
9 456 457 490
56 457 490 491
15 457 491 492
2 457 458 492
37 457 458 491
75 458 491 492
56 458 492 493
19 458 459 493
83 458 459 492
99 459 492 493
31 460 494 495
52 460 461 495
79 460 461 494
42 461 494 495
56 461 495 496
26 461 462 496
72 461 462 495
98 462 495 496
75 462 496 497
12 462 463 497
86 462 463 496
94 463 496 497
81 463 497 498
86 463 464 498
16 463 464 497
53 464 497 498
6 464 498 499
80 464 465 499
8 464 465 498
83 465 498 499
85 465 499 500
77 465 466 500
7 465 466 499
28 466 499 500
40 466 500 501
30 466 467 501
10 466 467 500
9 467 500 501
80 467 501 502
57 467 468 502
56 467 468 501
81 468 501 502
18 468 502 503
31 468 469 503
35 468 469 502
14 469 502 503
30 469 503 504
79 469 470 504
22 469 470 503
25 470 503 504
68 470 504 505
52 470 471 505
68 470 471 504
40 471 504 505
24 471 505 506
75 471 472 506
54 471 472 505
0 472 505 506
16 472 506 507
57 472 473 507
23 472 473 506
5 473 506 507
77 473 507 508
86 473 474 508
61 473 474 507
96 474 507 508
66 474 508 509
41 474 475 509
17 474 475 508
4 475 508 509
85 475 509 510
24 475 476 510
18 475 476 509
34 476 509 510
80 476 510 511
21 476 477 511
10 476 477 510
40 477 510 511
64 477 511 512
60 477 478 512
30 477 478 511
89 478 511 512
55 478 512 513
18 478 479 513
71 478 479 512
22 479 512 513
56 479 513 514
71 479 480 514
41 479 480 513
65 480 513 514
45 480 514 515
36 480 481 515
66 480 481 514
7 481 514 515
52 481 515 516
45 481 482 516
23 481 482 515
84 482 515 516
15 482 516 517
15 482 483 517
75 482 483 516
76 483 516 517
7 483 517 518
15 483 484 518
81 483 484 517
91 484 517 518
8 484 518 519
88 484 485 519
20 484 485 518
26 485 518 519
60 485 519 520
99 485 486 520
60 485 486 519
66 486 519 520
96 486 520 521
38 486 487 521
54 486 487 520
18 487 520 521
61 487 521 522
6 487 488 522
98 487 488 521
84 488 521 522
28 488 522 523
82 488 489 523
12 488 489 522
32 489 522 523
17 489 523 524
9 489 490 524
56 489 490 523
6 490 523 524
44 490 524 525
100 490 491 525
20 490 491 524
34 491 524 525
26 491 525 526
52 491 492 526
28 491 492 525
49 492 525 526
83 492 526 527
81 492 493 527
95 492 493 526
69 493 526 527
46 494 528 529
85 494 495 529
36 494 495 528
29 495 528 529
17 495 529 530
50 495 496 530
6 495 496 529
2 496 529 530
13 496 530 531
61 496 497 531
6 496 497 530
87 497 530 531
25 497 531 532
48 497 498 532
77 497 498 531
31 498 531 532
35 498 532 533
11 498 499 533
9 498 499 532
2 499 532 533
57 499 533 534
47 499 500 534
14 499 500 533
30 500 533 534
14 500 534 535
61 500 501 535
7 500 501 534
85 501 534 535
79 501 535 536
23 501 502 536
60 501 502 535
40 502 535 536
93 502 536 537
71 502 503 537
32 502 503 536
69 503 536 537
6 503 537 538
8 503 504 538
93 503 504 537
68 504 537 538
21 504 538 539
99 504 505 539
29 504 505 538
25 505 538 539
85 505 539 540
98 505 506 540
81 505 506 539
99 506 539 540
83 506 540 541
45 506 507 541
57 506 507 540
80 507 540 541
54 507 541 542
50 507 508 542
62 507 508 541
73 508 541 542
10 508 542 543
87 508 509 543
37 508 509 542
55 509 542 543
16 509 543 544
74 509 510 544
59 509 510 543
82 510 543 544
80 510 544 545
75 510 511 545
28 510 511 544
61 511 544 545
35 511 545 546
11 511 512 546
2 511 512 545
73 512 545 546
83 512 546 547
5 512 513 547
60 512 513 546
38 513 546 547
28 513 547 548
76 513 514 548
61 513 514 547
9 514 547 548
20 514 548 549
38 514 515 549
80 514 515 548
3 515 548 549
53 515 549 550
16 515 516 550
1 515 516 549
82 516 549 550
42 516 550 551
33 516 517 551
8 516 517 550
65 517 550 551
41 517 551 552
80 517 518 552
26 517 518 551
52 518 551 552
93 518 552 553
33 518 519 553
48 518 519 552
62 519 552 553
83 519 553 554
93 519 520 554
63 519 520 553
1 520 553 554
97 520 554 555
59 520 521 555
42 520 521 554
6 521 554 555
96 521 555 556
89 521 522 556
90 521 522 555
97 522 555 556
82 522 556 557
97 522 523 557
15 522 523 556
52 523 556 557
55 523 557 558
89 523 524 558
9 523 524 557
17 524 557 558
93 524 558 559
55 524 525 559
96 524 525 558
10 525 558 559
40 525 559 560
77 525 526 560
41 525 526 559
69 526 559 560
23 526 560 561
11 526 527 561
70 526 527 560
68 527 560 561
36 528 562 563
19 528 529 563
9 528 529 562
97 529 562 563
68 529 563 564
56 529 530 564
54 529 530 563
21 530 563 564
73 530 564 565
57 530 531 565
4 530 531 564
100 531 564 565
36 531 565 566
79 531 532 566
63 531 532 565
73 532 565 566
27 532 566 567
54 532 533 567
50 532 533 566
36 533 566 567
2 533 567 568
45 533 534 568
55 533 534 567
45 534 567 568
98 534 568 569
67 534 535 569
11 534 535 568
43 535 568 569
53 535 569 570
9 535 536 570
35 535 536 569
11 536 569 570
4 536 570 571
69 536 537 571
69 536 537 570
34 537 570 571
54 537 571 572
91 537 538 572
55 537 538 571
0 538 571 572
45 538 572 573
4 538 539 573
80 538 539 572
97 539 572 573
28 539 573 574
61 539 540 574
8 539 540 573
93 540 573 574
59 540 574 575
80 540 541 575
71 540 541 574
66 541 574 575
34 541 575 576
83 541 542 576
73 541 542 575
43 542 575 576
65 542 576 577
18 542 543 577
18 542 543 576
68 543 576 577
25 543 577 578
25 543 544 578
66 543 544 577
93 544 577 578
18 544 578 579
0 544 545 579
60 544 545 578
18 545 578 579
60 545 579 580
21 545 546 580
76 545 546 579
93 546 579 580
16 546 580 581
21 546 547 581
12 546 547 580
7 547 580 581
100 547 581 582
31 547 548 582
87 547 548 581
82 548 581 582
61 548 582 583
34 548 549 583
20 548 549 582
25 549 582 583
78 549 583 584
17 549 550 584
14 549 550 583
48 550 583 584
77 550 584 585
57 550 551 585
33 550 551 584
55 551 584 585
4 551 585 586
15 551 552 586
43 551 552 585
56 552 585 586
48 552 586 587
11 552 553 587
76 552 553 586
21 553 586 587
58 553 587 588
13 553 554 588
51 553 554 587
90 554 587 588
97 554 588 589
65 554 555 589
51 554 555 588
68 555 588 589
72 555 589 590
7 555 556 590
82 555 556 589
67 556 589 590
81 556 590 591
60 556 557 591
32 556 557 590
1 557 590 591
38 557 591 592
98 557 558 592
85 557 558 591
16 558 591 592
3 558 592 593
11 558 559 593
13 558 559 592
3 559 592 593
100 559 593 594
76 559 560 594
24 559 560 593
35 560 593 594
4 560 594 595
66 560 561 595
43 560 561 594
20 561 594 595
10 562 596 597
73 562 563 597
82 562 563 596
87 563 596 597
2 563 597 598
76 563 564 598
32 563 564 597
13 564 597 598
59 564 598 599
90 564 565 599
49 564 565 598
44 565 598 599
52 565 599 600
15 565 566 600
45 565 566 599
85 566 599 600
4 566 600 601
33 566 567 601
6 566 567 600
98 567 600 601
50 567 601 602
57 567 568 602
8 567 568 601
24 568 601 602
26 568 602 603
62 568 569 603
91 568 569 602
77 569 602 603
55 569 603 604
49 569 570 604
94 569 570 603
8 570 603 604
80 570 604 605
87 570 571 605
32 570 571 604
18 571 604 605
72 571 605 606
53 571 572 606
24 571 572 605
44 572 605 606
26 572 606 607
56 572 573 607
12 572 573 606
85 573 606 607
5 573 607 608
8 573 574 608
99 573 574 607
76 574 607 608
77 574 608 609
19 574 575 609
98 574 575 608
4 575 608 609
14 575 609 610
60 575 576 610
59 575 576 609
8 576 609 610
53 576 610 611
41 576 577 611
86 576 577 610
86 577 610 611
79 577 611 612
10 577 578 612
56 577 578 611
16 578 611 612
34 578 612 613
5 578 579 613
71 578 579 612
74 579 612 613
33 579 613 614
77 579 580 614
17 579 580 613
39 580 613 614
57 580 614 615
69 580 581 615
60 580 581 614
48 581 614 615
1 581 615 616
24 581 582 616
33 581 582 615
15 582 615 616
76 582 616 617
78 582 583 617
96 582 583 616
20 583 616 617
52 583 617 618
68 583 584 618
28 583 584 617
44 584 617 618
84 584 618 619
36 584 585 619
95 584 585 618
82 585 618 619
52 585 619 620
34 585 586 620
67 585 586 619
34 586 619 620
72 586 620 621
35 586 587 621
63 586 587 620
79 587 620 621
55 587 621 622
4 587 588 622
64 587 588 621
24 588 621 622
87 588 622 623
52 588 589 623
32 588 589 622
30 589 622 623
84 589 623 624
93 589 590 624
43 589 590 623
42 590 623 624
10 590 624 625
26 590 591 625
28 590 591 624
58 591 624 625
78 591 625 626
40 591 592 626
34 591 592 625
28 592 625 626
79 592 626 627
24 592 593 627
98 592 593 626
76 593 626 627
37 593 627 628
8 593 594 628
21 593 594 627
73 594 627 628
26 594 628 629
28 594 595 629
18 594 595 628
29 595 628 629
43 596 630 631
12 596 597 631
26 596 597 630
4 597 630 631
83 597 631 632
65 597 598 632
95 597 598 631
39 598 631 632
16 598 632 633
31 598 599 633
45 598 599 632
2 599 632 633
32 599 633 634
30 599 600 634
94 599 600 633
31 600 633 634
63 600 634 635
43 600 601 635
33 600 601 634
57 601 634 635
14 601 635 636
77 601 602 636
62 601 602 635
30 602 635 636
49 602 636 637
5 602 603 637
57 602 603 636
7 603 636 637
36 603 637 638
93 603 604 638
61 603 604 637
0 604 637 638
13 604 638 639
57 604 605 639
48 604 605 638
76 605 638 639
51 605 639 640
44 605 606 640
19 605 606 639
88 606 639 640
26 606 640 641
32 606 607 641
78 606 607 640
0 607 640 641
16 607 641 642
85 607 608 642
70 607 608 641
24 608 641 642
82 608 642 643
37 608 609 643
14 608 609 642
77 609 642 643
89 609 643 644
22 609 610 644
54 609 610 643
65 610 643 644
27 610 644 645
88 610 611 645
54 610 611 644
28 611 644 645
5 611 645 646
95 611 612 646
99 611 612 645
39 612 645 646
86 612 646 647
41 612 613 647
95 612 613 646
88 613 646 647
35 613 647 648
12 613 614 648
38 613 614 647
21 614 647 648
48 614 648 649
24 614 615 649
64 614 615 648
74 615 648 649
97 615 649 650
45 615 616 650
41 615 616 649
6 616 649 650
6 616 650 651
13 616 617 651
59 616 617 650
96 617 650 651
62 617 651 652
20 617 618 652
66 617 618 651
96 618 651 652
5 618 652 653
81 618 619 653
53 618 619 652
74 619 652 653
47 619 653 654
15 619 620 654
9 619 620 653
74 620 653 654
83 620 654 655
88 620 621 655
82 620 621 654
91 621 654 655
49 621 655 656
63 621 622 656
74 621 622 655
83 622 655 656
10 622 656 657
28 622 623 657
6 622 623 656
61 623 656 657
43 623 657 658
99 623 624 658
53 623 624 657
59 624 657 658
82 624 658 659
4 624 625 659
30 624 625 658
76 625 658 659
47 625 659 660
53 625 626 660
67 625 626 659
16 626 659 660
13 626 660 661
91 626 627 661
85 626 627 660
29 627 660 661
37 627 661 662
36 627 628 662
84 627 628 661
1 628 661 662
75 628 662 663
55 628 629 663
41 628 629 662
28 629 662 663
82 630 664 665
57 630 631 665
55 630 631 664
9 631 664 665
6 631 665 666
4 631 632 666
21 631 632 665
41 632 665 666
73 632 666 667
43 632 633 667
14 632 633 666
84 633 666 667
75 633 667 668
22 633 634 668
62 633 634 667
80 634 667 668
34 634 668 669
21 634 635 669
20 634 635 668
72 635 668 669
72 635 669 670
29 635 636 670
48 635 636 669
85 636 669 670
31 636 670 671
83 636 637 671
77 636 637 670
58 637 670 671
49 637 671 672
90 637 638 672
51 637 638 671
0 638 671 672
66 638 672 673
64 638 639 673
32 638 639 672
70 639 672 673
11 639 673 674
71 639 640 674
50 639 640 673
54 640 673 674
51 640 674 675
20 640 641 675
43 640 641 674
31 641 674 675
7 641 675 676
53 641 642 676
27 641 642 675
90 642 675 676
64 642 676 677
14 642 643 677
70 642 643 676
40 643 676 677
73 643 677 678
92 643 644 678
82 643 644 677
75 644 677 678
2 644 678 679
39 644 645 679
21 644 645 678
79 645 678 679
45 645 679 680
47 645 646 680
37 645 646 679
12 646 679 680
85 646 680 681
58 646 647 681
27 646 647 680
53 647 680 681
96 647 681 682
44 647 648 682
55 647 648 681
93 648 681 682
66 648 682 683
71 648 649 683
82 648 649 682
23 649 682 683
53 649 683 684
65 649 650 684
29 649 650 683
7 650 683 684
45 650 684 685
95 650 651 685
44 650 651 684
41 651 684 685
3 651 685 686
3 651 652 686
65 651 652 685
71 652 685 686
40 652 686 687
28 652 653 687
5 652 653 686
6 653 686 687
54 653 687 688
33 653 654 688
26 653 654 687
42 654 687 688
19 654 688 689
83 654 655 689
74 654 655 688
47 655 688 689
97 655 689 690
57 655 656 690
73 655 656 689
96 656 689 690
94 656 690 691
91 656 657 691
37 656 657 690
76 657 690 691
79 657 691 692
51 657 658 692
93 657 658 691
41 658 691 692
42 658 692 693
29 658 659 693
97 658 659 692
55 659 692 693
89 659 693 694
3 659 660 694
21 659 660 693
24 660 693 694
100 660 694 695
66 660 661 695
58 660 661 694
80 661 694 695
50 661 695 696
80 661 662 696
84 661 662 695
77 662 695 696
23 662 696 697
92 662 663 697
8 662 663 696
26 663 696 697
38 664 698 699
94 664 665 699
66 664 665 698
44 665 698 699
6 665 699 700
48 665 666 700
56 665 666 699
86 666 699 700
63 666 700 701
54 666 667 701
54 666 667 700
8 667 700 701
95 667 701 702
61 667 668 702
72 667 668 701
100 668 701 702
18 668 702 703
18 668 669 703
81 668 669 702
76 669 702 703
100 669 703 704
54 669 670 704
48 669 670 703
39 670 703 704
46 670 704 705
57 670 671 705
39 670 671 704
8 671 704 705
9 671 705 706
8 671 672 706
90 671 672 705
54 672 705 706
62 672 706 707
2 672 673 707
75 672 673 706
73 673 706 707
92 673 707 708
92 673 674 708
11 673 674 707
29 674 707 708
87 674 708 709
11 674 675 709
27 674 675 708
42 675 708 709
73 675 709 710
25 675 676 710
59 675 676 709
6 676 709 710
54 676 710 711
22 676 677 711
58 676 677 710
44 677 710 711
59 677 711 712
89 677 678 712
32 677 678 711
22 678 711 712
61 678 712 713
20 678 679 713
37 678 679 712
63 679 712 713
98 679 713 714
43 679 680 714
22 679 680 713
100 680 713 714
43 680 714 715
14 680 681 715
91 680 681 714
82 681 714 715
80 681 715 716
95 681 682 716
11 681 682 715
28 682 715 716
99 682 716 717
64 682 683 717
72 682 683 716
83 683 716 717
63 683 717 718
22 683 684 718
94 683 684 717
31 684 717 718
72 684 718 719
47 684 685 719
29 684 685 718
56 685 718 719
72 685 719 720
6 685 686 720
81 685 686 719
10 686 719 720
60 686 720 721
73 686 687 721
28 686 687 720
96 687 720 721
36 687 721 722
83 687 688 722
12 687 688 721
76 688 721 722
43 688 722 723
21 688 689 723
55 688 689 722
10 689 722 723
9 689 723 724
48 689 690 724
81 689 690 723
27 690 723 724
64 690 724 725
43 690 691 725
27 690 691 724
59 691 724 725
1 691 725 726
61 691 692 726
37 691 692 725
68 692 725 726
86 692 726 727
94 692 693 727
43 692 693 726
24 693 726 727
90 693 727 728
14 693 694 728
58 693 694 727
74 694 727 728
59 694 728 729
95 694 695 729
3 694 695 728
11 695 728 729
22 695 729 730
26 695 696 730
93 695 696 729
41 696 729 730
23 696 730 731
90 696 697 731
87 696 697 730
77 697 730 731
37 698 732 733
13 698 699 733
100 698 699 732
99 699 732 733
66 699 733 734
63 699 700 734
94 699 700 733
47 700 733 734
0 700 734 735
44 700 701 735
84 700 701 734
90 701 734 735
46 701 735 736
57 701 702 736
84 701 702 735
41 702 735 736
22 702 736 737
28 702 703 737
17 702 703 736
27 703 736 737
91 703 737 738
15 703 704 738
14 703 704 737
48 704 737 738
11 704 738 739
95 704 705 739
23 704 705 738
89 705 738 739
29 705 739 740
56 705 706 740
10 705 706 739
71 706 739 740
39 706 740 741
29 706 707 741
60 706 707 740
51 707 740 741
41 707 741 742
43 707 708 742
12 707 708 741
94 708 741 742
48 708 742 743
56 708 709 743
7 708 709 742
60 709 742 743
22 709 743 744
34 709 710 744
46 709 710 743
49 710 743 744
11 710 744 745
44 710 711 745
50 710 711 744
91 711 744 745
63 711 745 746
33 711 712 746
14 711 712 745
81 712 745 746
11 712 746 747
76 712 713 747
39 712 713 746
100 713 746 747
8 713 747 748
14 713 714 748
79 713 714 747
72 714 747 748
95 714 748 749
38 714 715 749
25 714 715 748
77 715 748 749
58 715 749 750
94 715 716 750
70 715 716 749
25 716 749 750
3 716 750 751
30 716 717 751
66 716 717 750
50 717 750 751
82 717 751 752
68 717 718 752
43 717 718 751
24 718 751 752
42 718 752 753
72 718 719 753
91 718 719 752
7 719 752 753
8 719 753 754
11 719 720 754
28 719 720 753
53 720 753 754
73 720 754 755
93 720 721 755
93 720 721 754
26 721 754 755
67 721 755 756
74 721 722 756
27 721 722 755
77 722 755 756
36 722 756 757
93 722 723 757
8 722 723 756
74 723 756 757
3 723 757 758
36 723 724 758
76 723 724 757
36 724 757 758
68 724 758 759
82 724 725 759
12 724 725 758
45 725 758 759
89 725 759 760
57 725 726 760
1 725 726 759
55 726 759 760
25 726 760 761
10 726 727 761
5 726 727 760
14 727 760 761
74 727 761 762
6 727 728 762
7 727 728 761
59 728 761 762
70 728 762 763
94 728 729 763
37 728 729 762
58 729 762 763
18 729 763 764
15 729 730 764
10 729 730 763
56 730 763 764
11 730 764 765
24 730 731 765
84 730 731 764
17 731 764 765
0 732 766 767
85 732 733 767
62 732 733 766
16 733 766 767
43 733 767 768
67 733 734 768
37 733 734 767
51 734 767 768
36 734 768 769
64 734 735 769
100 734 735 768
36 735 768 769
87 735 769 770
58 735 736 770
99 735 736 769
68 736 769 770
60 736 770 771
3 736 737 771
56 736 737 770
25 737 770 771
61 737 771 772
26 737 738 772
2 737 738 771
24 738 771 772
0 738 772 773
73 738 739 773
3 738 739 772
37 739 772 773
67 739 773 774
90 739 740 774
53 739 740 773
2 740 773 774
20 740 774 775
23 740 741 775
25 740 741 774
13 741 774 775
19 741 775 776
69 741 742 776
61 741 742 775
85 742 775 776
6 742 776 777
53 742 743 777
40 742 743 776
86 743 776 777
72 743 777 778
47 743 744 778
54 743 744 777
44 744 777 778
94 744 778 779
64 744 745 779
28 744 745 778
14 745 778 779
2 745 779 780
22 745 746 780
51 745 746 779
36 746 779 780
72 746 780 781
49 746 747 781
48 746 747 780
76 747 780 781
97 747 781 782
46 747 748 782
86 747 748 781
58 748 781 782
20 748 782 783
34 748 749 783
12 748 749 782
40 749 782 783
71 749 783 784
1 749 750 784
47 749 750 783
61 750 783 784
94 750 784 785
7 750 751 785
40 750 751 784
54 751 784 785
77 751 785 786
20 751 752 786
92 751 752 785
73 752 785 786
43 752 786 787
100 752 753 787
44 752 753 786
91 753 786 787
47 753 787 788
84 753 754 788
19 753 754 787
74 754 787 788
65 754 788 789
50 754 755 789
60 754 755 788
55 755 788 789
0 755 789 790
65 755 756 790
72 755 756 789
5 756 789 790
93 756 790 791
71 756 757 791
94 756 757 790
74 757 790 791
43 757 791 792
81 757 758 792
40 757 758 791
87 758 791 792
28 758 792 793
17 758 759 793
12 758 759 792
84 759 792 793
1 759 793 794
81 759 760 794
16 759 760 793
91 760 793 794
52 760 794 795
6 760 761 795
89 760 761 794
16 761 794 795
25 761 795 796
42 761 762 796
25 761 762 795
2 762 795 796
59 762 796 797
69 762 763 797
22 762 763 796
24 763 796 797
7 763 797 798
40 763 764 798
67 763 764 797
9 764 797 798
82 764 798 799
12 764 765 799
1 764 765 798
40 765 798 799
12 766 800 801
35 766 767 801
59 766 767 800
85 767 800 801
5 767 801 802
25 767 768 802
26 767 768 801
97 768 801 802
6 768 802 803
37 768 769 803
21 768 769 802
4 769 802 803
28 769 803 804
14 769 770 804
73 769 770 803
36 770 803 804
69 770 804 805
59 770 771 805
15 770 771 804
21 771 804 805
18 771 805 806
4 771 772 806
83 771 772 805
29 772 805 806
72 772 806 807
34 772 773 807
25 772 773 806
48 773 806 807
93 773 807 808
78 773 774 808
16 773 774 807
37 774 807 808
2 774 808 809
72 774 775 809
73 774 775 808
13 775 808 809
37 775 809 810
21 775 776 810
96 775 776 809
35 776 809 810
53 776 810 811
87 776 777 811
100 776 777 810
89 777 810 811
61 777 811 812
12 777 778 812
100 777 778 811
34 778 811 812
20 778 812 813
90 778 779 813
55 778 779 812
74 779 812 813
19 779 813 814
22 779 780 814
83 779 780 813
82 780 813 814
43 780 814 815
64 780 781 815
42 780 781 814
14 781 814 815
51 781 815 816
65 781 782 816
55 781 782 815
13 782 815 816
90 782 816 817
17 782 783 817
10 782 783 816
74 783 816 817
91 783 817 818
46 783 784 818
70 783 784 817
51 784 817 818
69 784 818 819
66 784 785 819
62 784 785 818
28 785 818 819
62 785 819 820
41 785 786 820
90 785 786 819
93 786 819 820
28 786 820 821
75 786 787 821
66 786 787 820
30 787 820 821
69 787 821 822
20 787 788 822
66 787 788 821
20 788 821 822
58 788 822 823
39 788 789 823
87 788 789 822
86 789 822 823
88 789 823 824
26 789 790 824
70 789 790 823
17 790 823 824
57 790 824 825
71 790 791 825
71 790 791 824
62 791 824 825
49 791 825 826
45 791 792 826
31 791 792 825
54 792 825 826
88 792 826 827
70 792 793 827
77 792 793 826
68 793 826 827
46 793 827 828
0 793 794 828
9 793 794 827
14 794 827 828
58 794 828 829
1 794 795 829
75 794 795 828
84 795 828 829
92 795 829 830
9 795 796 830
36 795 796 829
32 796 829 830
100 796 830 831
14 796 797 831
24 796 797 830
4 797 830 831
43 797 831 832
7 797 798 832
41 797 798 831
17 798 831 832
70 798 832 833
70 798 799 833
41 798 799 832
80 799 832 833
63 800 834 835
41 800 801 835
49 800 801 834
11 801 834 835
99 801 835 836
52 801 802 836
81 801 802 835
3 802 835 836
97 802 836 837
91 802 803 837
32 802 803 836
16 803 836 837
94 803 837 838
20 803 804 838
58 803 804 837
12 804 837 838
19 804 838 839
38 804 805 839
57 804 805 838
16 805 838 839
84 805 839 840
100 805 806 840
83 805 806 839
26 806 839 840
29 806 840 841
48 806 807 841
67 806 807 840
49 807 840 841
14 807 841 842
31 807 808 842
16 807 808 841
26 808 841 842
28 808 842 843
48 808 809 843
60 808 809 842
23 809 842 843
100 809 843 844
37 809 810 844
96 809 810 843
95 810 843 844
2 810 844 845
77 810 811 845
78 810 811 844
14 811 844 845
15 811 845 846
32 811 812 846
38 811 812 845
36 812 845 846
39 812 846 847
14 812 813 847
58 812 813 846
24 813 846 847
42 813 847 848
64 813 814 848
6 813 814 847
78 814 847 848
53 814 848 849
42 814 815 849
50 814 815 848
13 815 848 849
63 815 849 850
3 815 816 850
18 815 816 849
98 816 849 850
55 816 850 851
92 816 817 851
4 816 817 850
81 817 850 851
83 817 851 852
61 817 818 852
88 817 818 851
50 818 851 852
72 818 852 853
37 818 819 853
75 818 819 852
65 819 852 853
14 819 853 854
2 819 820 854
29 819 820 853
97 820 853 854
68 820 854 855
25 820 821 855
79 820 821 854
23 821 854 855
74 821 855 856
83 821 822 856
2 821 822 855
59 822 855 856
56 822 856 857
29 822 823 857
15 822 823 856
82 823 856 857
32 823 857 858
97 823 824 858
81 823 824 857
34 824 857 858
84 824 858 859
80 824 825 859
91 824 825 858
64 825 858 859
2 825 859 860
12 825 826 860
24 825 826 859
96 826 859 860
30 826 860 861
1 826 827 861
63 826 827 860
57 827 860 861
98 827 861 862
20 827 828 862
20 827 828 861
99 828 861 862
34 828 862 863
4 828 829 863
77 828 829 862
67 829 862 863
23 829 863 864
97 829 830 864
90 829 830 863
78 830 863 864
42 830 864 865
63 830 831 865
70 830 831 864
16 831 864 865
70 831 865 866
62 831 832 866
59 831 832 865
85 832 865 866
97 832 866 867
28 832 833 867
29 832 833 866
8 833 866 867
