35 1 19 20
95 1 2 20
97 1 2 19
32 2 19 20
66 2 20 21
28 2 3 21
42 2 3 20
45 3 20 21
95 3 21 22
19 3 4 22
42 3 4 21
40 4 21 22
49 4 22 23
19 4 5 23
75 4 5 22
88 5 22 23
96 5 23 24
52 5 6 24
99 5 6 23
1 6 23 24
1 6 24 25
93 6 7 25
53 6 7 24
34 7 24 25
2 7 25 26
48 7 8 26
3 7 8 25
27 8 25 26
6 8 26 27
82 8 9 27
2 8 9 26
50 9 26 27
100 9 27 28
67 9 10 28
19 9 10 27
58 10 27 28
32 10 28 29
28 10 11 29
71 10 11 28
24 11 28 29
49 11 29 30
24 11 12 30
93 11 12 29
24 12 29 30
65 12 30 31
77 12 13 31
16 12 13 30
22 13 30 31
30 13 31 32
25 13 14 32
98 13 14 31
38 14 31 32
72 14 32 33
99 14 15 33
21 14 15 32
51 15 32 33
19 15 33 34
75 15 16 34
27 15 16 33
94 16 33 34
6 16 34 35
54 16 17 35
91 16 17 34
33 17 34 35
18 17 35 36
60 17 18 36
83 17 18 35
66 18 35 36
32 19 37 38
65 19 20 38
66 19 20 37
67 20 37 38
55 20 38 39
63 20 21 39
67 20 21 38
69 21 38 39
38 21 39 40
12 21 22 40
70 21 22 39
79 22 39 40
95 22 40 41
88 22 23 41
83 22 23 40
44 23 40 41
40 23 41 42
36 23 24 42
99 23 24 41
56 24 41 42
92 24 42 43
60 24 25 43
88 24 25 42
74 25 42 43
85 25 43 44
11 25 26 44
6 25 26 43
35 26 43 44
68 26 44 45
93 26 27 45
82 26 27 44
5 27 44 45
68 27 45 46
68 27 28 46
62 27 28 45
0 28 45 46
92 28 46 47
35 28 29 47
5 28 29 46
91 29 46 47
90 29 47 48
82 29 30 48
60 29 30 47
100 30 47 48
74 30 48 49
85 30 31 49
49 30 31 48
39 31 48 49
69 31 49 50
53 31 32 50
20 31 32 49
38 32 49 50
70 32 50 51
82 32 33 51
8 32 33 50
79 33 50 51
97 33 51 52
81 33 34 52
82 33 34 51
66 34 51 52
47 34 52 53
9 34 35 53
52 34 35 52
28 35 52 53
95 35 53 54
68 35 36 54
57 35 36 53
49 36 53 54
100 37 55 56
25 37 38 56
60 37 38 55
29 38 55 56
17 38 56 57
61 38 39 57
70 38 39 56
17 39 56 57
16 39 57 58
17 39 40 58
82 39 40 57
54 40 57 58
23 40 58 59
74 40 41 59
3 40 41 58
67 41 58 59
31 41 59 60
96 41 42 60
61 41 42 59
58 42 59 60
44 42 60 61
50 42 43 61
23 42 43 60
81 43 60 61
1 43 61 62
51 43 44 62
9 43 44 61
49 44 61 62
46 44 62 63
36 44 45 63
91 44 45 62
35 45 62 63
38 45 63 64
82 45 46 64
91 45 46 63
37 46 63 64
32 46 64 65
65 46 47 65
33 46 47 64
3 47 64 65
35 47 65 66
79 47 48 66
23 47 48 65
60 48 65 66
14 48 66 67
71 48 49 67
29 48 49 66
38 49 66 67
62 49 67 68
43 49 50 68
24 49 50 67
74 50 67 68
94 50 68 69
14 50 51 69
51 50 51 68
85 51 68 69
27 51 69 70
2 51 52 70
12 51 52 69
37 52 69 70
3 52 70 71
39 52 53 71
47 52 53 70
33 53 70 71
7 53 71 72
90 53 54 72
29 53 54 71
24 54 71 72
79 55 73 74
57 55 56 74
20 55 56 73
100 56 73 74
93 56 74 75
29 56 57 75
83 56 57 74
4 57 74 75
47 57 75 76
77 57 58 76
79 57 58 75
39 58 75 76
48 58 76 77
99 58 59 77
43 58 59 76
28 59 76 77
68 59 77 78
5 59 60 78
76 59 60 77
19 60 77 78
1 60 78 79
5 60 61 79
24 60 61 78
28 61 78 79
90 61 79 80
55 61 62 80
47 61 62 79
52 62 79 80
18 62 80 81
27 62 63 81
53 62 63 80
76 63 80 81
100 63 81 82
54 63 64 82
58 63 64 81
31 64 81 82
60 64 82 83
11 64 65 83
16 64 65 82
27 65 82 83
91 65 83 84
67 65 66 84
42 65 66 83
21 66 83 84
77 66 84 85
38 66 67 85
8 66 67 84
71 67 84 85
96 67 85 86
57 67 68 86
76 67 68 85
74 68 85 86
56 68 86 87
28 68 69 87
13 68 69 86
39 69 86 87
73 69 87 88
26 69 70 88
60 69 70 87
52 70 87 88
34 70 88 89
9 70 71 89
85 70 71 88
25 71 88 89
20 71 89 90
57 71 72 90
88 71 72 89
64 72 89 90
80 73 91 92
30 73 74 92
12 73 74 91
23 74 91 92
10 74 92 93
0 74 75 93
37 74 75 92
14 75 92 93
25 75 93 94
53 75 76 94
73 75 76 93
66 76 93 94
89 76 94 95
99 76 77 95
82 76 77 94
77 77 94 95
2 77 95 96
57 77 78 96
4 77 78 95
38 78 95 96
76 78 96 97
27 78 79 97
3 78 79 96
33 79 96 97
17 79 97 98
84 79 80 98
50 79 80 97
80 80 97 98
54 80 98 99
24 80 81 99
26 80 81 98
13 81 98 99
61 81 99 100
32 81 82 100
40 81 82 99
89 82 99 100
65 82 100 101
65 82 83 101
13 82 83 100
63 83 100 101
17 83 101 102
98 83 84 102
75 83 84 101
42 84 101 102
13 84 102 103
34 84 85 103
19 84 85 102
76 85 102 103
50 85 103 104
87 85 86 104
21 85 86 103
93 86 103 104
69 86 104 105
59 86 87 105
7 86 87 104
3 87 104 105
22 87 105 106
48 87 88 106
77 87 88 105
71 88 105 106
42 88 106 107
3 88 89 107
63 88 89 106
65 89 106 107
56 89 107 108
40 89 90 108
37 89 90 107
64 90 107 108
14 91 109 110
75 91 92 110
52 91 92 109
69 92 109 110
84 92 110 111
70 92 93 111
84 92 93 110
41 93 110 111
53 93 111 112
51 93 94 112
77 93 94 111
3 94 111 112
52 94 112 113
81 94 95 113
76 94 95 112
85 95 112 113
65 95 113 114
59 95 96 114
2 95 96 113
27 96 113 114
56 96 114 115
59 96 97 115
64 96 97 114
60 97 114 115
74 97 115 116
44 97 98 116
54 97 98 115
89 98 115 116
23 98 116 117
9 98 99 117
53 98 99 116
78 99 116 117
12 99 117 118
39 99 100 118
63 99 100 117
62 100 117 118
5 100 118 119
47 100 101 119
49 100 101 118
79 101 118 119
20 101 119 120
72 101 102 120
29 101 102 119
92 102 119 120
53 102 120 121
64 102 103 121
23 102 103 120
39 103 120 121
90 103 121 122
35 103 104 122
72 103 104 121
70 104 121 122
7 104 122 123
36 104 105 123
99 104 105 122
60 105 122 123
28 105 123 124
49 105 106 124
35 105 106 123
34 106 123 124
19 106 124 125
97 106 107 125
90 106 107 124
12 107 124 125
10 107 125 126
9 107 108 126
97 107 108 125
68 108 125 126
86 109 127 128
56 109 110 128
91 109 110 127
90 110 127 128
13 110 128 129
60 110 111 129
0 110 111 128
69 111 128 129
59 111 129 130
47 111 112 130
63 111 112 129
81 112 129 130
100 112 130 131
16 112 113 131
15 112 113 130
24 113 130 131
7 113 131 132
80 113 114 132
2 113 114 131
67 114 131 132
6 114 132 133
99 114 115 133
93 114 115 132
48 115 132 133
36 115 133 134
18 115 116 134
5 115 116 133
6 116 133 134
46 116 134 135
34 116 117 135
43 116 117 134
83 117 134 135
58 117 135 136
62 117 118 136
75 117 118 135
25 118 135 136
72 118 136 137
37 118 119 137
46 118 119 136
2 119 136 137
20 119 137 138
56 119 120 138
18 119 120 137
96 120 137 138
44 120 138 139
40 120 121 139
57 120 121 138
30 121 138 139
35 121 139 140
3 121 122 140
83 121 122 139
4 122 139 140
13 122 140 141
50 122 123 141
13 122 123 140
12 123 140 141
73 123 141 142
72 123 124 142
100 123 124 141
15 124 141 142
97 124 142 143
37 124 125 143
33 124 125 142
100 125 142 143
53 125 143 144
96 125 126 144
42 125 126 143
9 126 143 144
47 127 145 146
1 127 128 146
66 127 128 145
49 128 145 146
22 128 146 147
34 128 129 147
71 128 129 146
31 129 146 147
82 129 147 148
85 129 130 148
60 129 130 147
83 130 147 148
72 130 148 149
63 130 131 149
18 130 131 148
81 131 148 149
90 131 149 150
36 131 132 150
56 131 132 149
52 132 149 150
10 132 150 151
45 132 133 151
93 132 133 150
59 133 150 151
53 133 151 152
0 133 134 152
35 133 134 151
76 134 151 152
29 134 152 153
70 134 135 153
22 134 135 152
36 135 152 153
26 135 153 154
82 135 136 154
44 135 136 153
66 136 153 154
85 136 154 155
39 136 137 155
55 136 137 154
95 137 154 155
0 137 155 156
57 137 138 156
2 137 138 155
74 138 155 156
87 138 156 157
15 138 139 157
48 138 139 156
73 139 156 157
12 139 157 158
70 139 140 158
79 139 140 157
67 140 157 158
79 140 158 159
97 140 141 159
53 140 141 158
100 141 158 159
33 141 159 160
37 141 142 160
84 141 142 159
94 142 159 160
40 142 160 161
68 142 143 161
55 142 143 160
80 143 160 161
18 143 161 162
72 143 144 162
94 143 144 161
60 144 161 162
6 145 163 164
47 145 146 164
60 145 146 163
42 146 163 164
33 146 164 165
43 146 147 165
0 146 147 164
87 147 164 165
58 147 165 166
100 147 148 166
81 147 148 165
72 148 165 166
7 148 166 167
94 148 149 167
30 148 149 166
88 149 166 167
5 149 167 168
1 149 150 168
59 149 150 167
82 150 167 168
64 150 168 169
79 150 151 169
49 150 151 168
83 151 168 169
69 151 169 170
86 151 152 170
15 151 152 169
19 152 169 170
14 152 170 171
9 152 153 171
1 152 153 170
16 153 170 171
95 153 171 172
98 153 154 172
28 153 154 171
68 154 171 172
61 154 172 173
34 154 155 173
64 154 155 172
84 155 172 173
39 155 173 174
66 155 156 174
84 155 156 173
34 156 173 174
43 156 174 175
93 156 157 175
76 156 157 174
20 157 174 175
15 157 175 176
86 157 158 176
73 157 158 175
27 158 175 176
45 158 176 177
56 158 159 177
22 158 159 176
10 159 176 177
100 159 177 178
98 159 160 178
31 159 160 177
1 160 177 178
65 160 178 179
22 160 161 179
48 160 161 178
21 161 178 179
97 161 179 180
65 161 162 180
26 161 162 179
89 162 179 180
8 163 181 182
8 163 164 182
11 163 164 181
39 164 181 182
40 164 182 183
24 164 165 183
53 164 165 182
74 165 182 183
48 165 183 184
51 165 166 184
24 165 166 183
99 166 183 184
94 166 184 185
24 166 167 185
81 166 167 184
68 167 184 185
59 167 185 186
7 167 168 186
11 167 168 185
56 168 185 186
47 168 186 187
36 168 169 187
43 168 169 186
59 169 186 187
50 169 187 188
45 169 170 188
26 169 170 187
80 170 187 188
77 170 188 189
83 170 171 189
74 170 171 188
93 171 188 189
4 171 189 190
99 171 172 190
44 171 172 189
29 172 189 190
34 172 190 191
62 172 173 191
70 172 173 190
53 173 190 191
34 173 191 192
95 173 174 192
88 173 174 191
68 174 191 192
75 174 192 193
20 174 175 193
15 174 175 192
47 175 192 193
80 175 193 194
96 175 176 194
7 175 176 193
49 176 193 194
39 176 194 195
68 176 177 195
46 176 177 194
58 177 194 195
100 177 195 196
26 177 178 196
31 177 178 195
100 178 195 196
31 178 196 197
48 178 179 197
18 178 179 196
10 179 196 197
68 179 197 198
89 179 180 198
27 179 180 197
41 180 197 198
85 181 199 200
49 181 182 200
8 181 182 199
11 182 199 200
99 182 200 201
71 182 183 201
73 182 183 200
32 183 200 201
66 183 201 202
75 183 184 202
51 183 184 201
22 184 201 202
63 184 202 203
23 184 185 203
47 184 185 202
25 185 202 203
93 185 203 204
89 185 186 204
72 185 186 203
26 186 203 204
46 186 204 205
9 186 187 205
98 186 187 204
63 187 204 205
83 187 205 206
44 187 188 206
98 187 188 205
82 188 205 206
1 188 206 207
39 188 189 207
41 188 189 206
61 189 206 207
36 189 207 208
60 189 190 208
1 189 190 207
20 190 207 208
4 190 208 209
69 190 191 209
55 190 191 208
56 191 208 209
64 191 209 210
8 191 192 210
1 191 192 209
48 192 209 210
6 192 210 211
69 192 193 211
54 192 193 210
74 193 210 211
100 193 211 212
93 193 194 212
6 193 194 211
41 194 211 212
28 194 212 213
36 194 195 213
2 194 195 212
12 195 212 213
92 195 213 214
10 195 196 214
47 195 196 213
28 196 213 214
36 196 214 215
34 196 197 215
57 196 197 214
89 197 214 215
69 197 215 216
8 197 198 216
85 197 198 215
73 198 215 216
32 199 217 218
0 199 200 218
27 199 200 217
70 200 217 218
68 200 218 219
9 200 201 219
94 200 201 218
11 201 218 219
11 201 219 220
47 201 202 220
96 201 202 219
2 202 219 220
13 202 220 221
90 202 203 221
53 202 203 220
88 203 220 221
35 203 221 222
83 203 204 222
50 203 204 221
11 204 221 222
80 204 222 223
91 204 205 223
96 204 205 222
36 205 222 223
22 205 223 224
3 205 206 224
12 205 206 223
13 206 223 224
44 206 224 225
20 206 207 225
17 206 207 224
21 207 224 225
24 207 225 226
99 207 208 226
30 207 208 225
51 208 225 226
6 208 226 227
66 208 209 227
56 208 209 226
35 209 226 227
33 209 227 228
48 209 210 228
0 209 210 227
94 210 227 228
13 210 228 229
83 210 211 229
82 210 211 228
86 211 228 229
21 211 229 230
81 211 212 230
70 211 212 229
39 212 229 230
89 212 230 231
33 212 213 231
42 212 213 230
85 213 230 231
10 213 231 232
42 213 214 232
51 213 214 231
45 214 231 232
90 214 232 233
94 214 215 233
58 214 215 232
83 215 232 233
18 215 233 234
14 215 216 234
61 215 216 233
47 216 233 234
67 217 235 236
98 217 218 236
18 217 218 235
82 218 235 236
79 218 236 237
53 218 219 237
25 218 219 236
49 219 236 237
40 219 237 238
45 219 220 238
17 219 220 237
91 220 237 238
19 220 238 239
93 220 221 239
64 220 221 238
65 221 238 239
64 221 239 240
17 221 222 240
97 221 222 239
21 222 239 240
55 222 240 241
14 222 223 241
32 222 223 240
66 223 240 241
54 223 241 242
97 223 224 242
28 223 224 241
17 224 241 242
45 224 242 243
50 224 225 243
61 224 225 242
46 225 242 243
42 225 243 244
88 225 226 244
78 225 226 243
3 226 243 244
92 226 244 245
2 226 227 245
62 226 227 244
99 227 244 245
15 227 245 246
86 227 228 246
14 227 228 245
85 228 245 246
87 228 246 247
52 228 229 247
45 228 229 246
59 229 246 247
32 229 247 248
19 229 230 248
39 229 230 247
19 230 247 248
97 230 248 249
77 230 231 249
15 230 231 248
28 231 248 249
96 231 249 250
81 231 232 250
6 231 232 249
79 232 249 250
57 232 250 251
35 232 233 251
86 232 233 250
81 233 250 251
11 233 251 252
46 233 234 252
87 233 234 251
39 234 251 252
89 235 253 254
36 235 236 254
3 235 236 253
50 236 253 254
83 236 254 255
17 236 237 255
82 236 237 254
10 237 254 255
24 237 255 256
32 237 238 256
81 237 238 255
55 238 255 256
85 238 256 257
94 238 239 257
97 238 239 256
35 239 256 257
83 239 257 258
70 239 240 258
88 239 240 257
33 240 257 258
63 240 258 259
34 240 241 259
40 240 241 258
45 241 258 259
66 241 259 260
22 241 242 260
3 241 242 259
26 242 259 260
81 242 260 261
18 242 243 261
82 242 243 260
37 243 260 261
45 243 261 262
48 243 244 262
4 243 244 261
47 244 261 262
57 244 262 263
51 244 245 263
25 244 245 262
88 245 262 263
46 245 263 264
49 245 246 264
92 245 246 263
26 246 263 264
30 246 264 265
74 246 247 265
84 246 247 264
45 247 264 265
84 247 265 266
71 247 248 266
72 247 248 265
77 248 265 266
72 248 266 267
34 248 249 267
42 248 249 266
43 249 266 267
67 249 267 268
7 249 250 268
27 249 250 267
47 250 267 268
3 250 268 269
92 250 251 269
56 250 251 268
38 251 268 269
94 251 269 270
93 251 252 270
78 251 252 269
72 252 269 270
70 253 271 272
73 253 254 272
11 253 254 271
54 254 271 272
63 254 272 273
44 254 255 273
20 254 255 272
26 255 272 273
50 255 273 274
80 255 256 274
92 255 256 273
0 256 273 274
66 256 274 275
40 256 257 275
83 256 257 274
92 257 274 275
4 257 275 276
83 257 258 276
83 257 258 275
63 258 275 276
12 258 276 277
78 258 259 277
71 258 259 276
9 259 276 277
66 259 277 278
26 259 260 278
0 259 260 277
87 260 277 278
71 260 278 279
50 260 261 279
0 260 261 278
77 261 278 279
68 261 279 280
8 261 262 280
6 261 262 279
16 262 279 280
76 262 280 281
90 262 263 281
23 262 263 280
49 263 280 281
51 263 281 282
3 263 264 282
35 263 264 281
63 264 281 282
57 264 282 283
26 264 265 283
17 264 265 282
20 265 282 283
40 265 283 284
73 265 266 284
83 265 266 283
94 266 283 284
84 266 284 285
8 266 267 285
68 266 267 284
48 267 284 285
7 267 285 286
6 267 268 286
48 267 268 285
24 268 285 286
66 268 286 287
8 268 269 287
27 268 269 286
69 269 286 287
50 269 287 288
95 269 270 288
36 269 270 287
36 270 287 288
12 271 289 290
25 271 272 290
73 271 272 289
52 272 289 290
18 272 290 291
53 272 273 291
61 272 273 290
25 273 290 291
66 273 291 292
4 273 274 292
69 273 274 291
87 274 291 292
4 274 292 293
76 274 275 293
42 274 275 292
99 275 292 293
78 275 293 294
59 275 276 294
30 275 276 293
10 276 293 294
32 276 294 295
60 276 277 295
20 276 277 294
78 277 294 295
51 277 295 296
52 277 278 296
53 277 278 295
75 278 295 296
40 278 296 297
81 278 279 297
42 278 279 296
93 279 296 297
1 279 297 298
81 279 280 298
84 279 280 297
62 280 297 298
93 280 298 299
94 280 281 299
32 280 281 298
86 281 298 299
90 281 299 300
100 281 282 300
18 281 282 299
25 282 299 300
81 282 300 301
62 282 283 301
0 282 283 300
59 283 300 301
6 283 301 302
93 283 284 302
59 283 284 301
53 284 301 302
67 284 302 303
32 284 285 303
97 284 285 302
16 285 302 303
4 285 303 304
91 285 286 304
7 285 286 303
0 286 303 304
88 286 304 305
20 286 287 305
51 286 287 304
83 287 304 305
26 287 305 306
13 287 288 306
51 287 288 305
84 288 305 306
34 289 307 308
76 289 290 308
51 289 290 307
25 290 307 308
27 290 308 309
82 290 291 309
5 290 291 308
10 291 308 309
39 291 309 310
24 291 292 310
96 291 292 309
10 292 309 310
73 292 310 311
19 292 293 311
40 292 293 310
45 293 310 311
99 293 311 312
88 293 294 312
63 293 294 311
97 294 311 312
94 294 312 313
50 294 295 313
24 294 295 312
69 295 312 313
35 295 313 314
79 295 296 314
92 295 296 313
7 296 313 314
52 296 314 315
35 296 297 315
86 296 297 314
96 297 314 315
73 297 315 316
75 297 298 316
33 297 298 315
84 298 315 316
81 298 316 317
83 298 299 317
91 298 299 316
2 299 316 317
93 299 317 318
71 299 300 318
33 299 300 317
83 300 317 318
95 300 318 319
95 300 301 319
11 300 301 318
33 301 318 319
6 301 319 320
74 301 302 320
92 301 302 319
41 302 319 320
76 302 320 321
46 302 303 321
14 302 303 320
42 303 320 321
66 303 321 322
43 303 304 322
7 303 304 321
17 304 321 322
0 304 322 323
30 304 305 323
72 304 305 322
30 305 322 323
24 305 323 324
36 305 306 324
33 305 306 323
75 306 323 324
62 307 325 326
85 307 308 326
68 307 308 325
89 308 325 326
99 308 326 327
98 308 309 327
88 308 309 326
28 309 326 327
97 309 327 328
65 309 310 328
36 309 310 327
73 310 327 328
60 310 328 329
68 310 311 329
85 310 311 328
19 311 328 329
25 311 329 330
92 311 312 330
13 311 312 329
2 312 329 330
56 312 330 331
38 312 313 331
29 312 313 330
97 313 330 331
46 313 331 332
32 313 314 332
5 313 314 331
30 314 331 332
87 314 332 333
61 314 315 333
5 314 315 332
50 315 332 333
93 315 333 334
35 315 316 334
53 315 316 333
91 316 333 334
82 316 334 335
44 316 317 335
96 316 317 334
41 317 334 335
35 317 335 336
85 317 318 336
69 317 318 335
96 318 335 336
35 318 336 337
18 318 319 337
21 318 319 336
10 319 336 337
8 319 337 338
50 319 320 338
88 319 320 337
36 320 337 338
23 320 338 339
15 320 321 339
3 320 321 338
6 321 338 339
89 321 339 340
62 321 322 340
56 321 322 339
89 322 339 340
52 322 340 341
100 322 323 341
43 322 323 340
57 323 340 341
23 323 341 342
91 323 324 342
91 323 324 341
64 324 341 342
94 324 342 343
86 325 361 362
50 325 326 362
94 325 326 361
97 326 361 362
2 326 362 363
47 326 327 363
13 326 327 362
98 327 362 363
77 327 363 364
47 327 328 364
20 327 328 363
44 328 363 364
62 328 364 365
27 328 329 365
78 328 329 364
25 329 364 365
61 329 365 366
40 329 330 366
52 329 330 365
51 330 365 366
46 330 366 367
6 330 331 367
32 330 331 366
53 331 366 367
58 331 367 368
22 331 332 368
97 331 332 367
26 332 367 368
49 332 368 369
55 332 333 369
78 332 333 368
84 333 368 369
90 333 369 370
89 333 334 370
20 333 334 369
40 334 369 370
64 334 370 371
29 334 335 371
92 334 335 370
18 335 370 371
28 335 371 372
19 335 336 372
42 335 336 371
75 336 371 372
13 336 372 373
19 336 337 373
18 336 337 372
81 337 372 373
74 337 373 374
84 337 338 374
98 337 338 373
17 338 373 374
83 338 374 375
38 338 339 375
91 338 339 374
90 339 374 375
82 339 375 376
61 339 340 376
53 339 340 375
93 340 375 376
31 340 376 377
85 340 341 377
8 340 341 376
70 341 376 377
94 341 377 378
88 341 342 378
31 341 342 377
75 342 377 378
12 342 378 379
35 342 343 379
35 342 343 378
3 343 378 379
70 343 379 380
95 343 344 380
20 343 344 379
64 344 379 380
43 344 380 381
13 344 345 381
98 344 345 380
0 345 380 381
73 345 381 382
62 345 346 382
2 345 346 381
59 346 381 382
77 346 382 383
76 346 347 383
84 346 347 382
47 347 382 383
84 347 383 384
64 347 348 384
86 347 348 383
22 348 383 384
68 348 384 385
11 348 349 385
95 348 349 384
78 349 384 385
79 349 385 386
26 349 350 386
43 349 350 385
93 350 385 386
42 350 386 387
37 350 351 387
78 350 351 386
100 351 386 387
75 351 387 388
38 351 352 388
73 351 352 387
80 352 387 388
93 352 388 389
60 352 353 389
97 352 353 388
45 353 388 389
42 353 389 390
71 353 354 390
23 353 354 389
63 354 389 390
86 354 390 391
91 354 355 391
66 354 355 390
23 355 390 391
80 355 391 392
61 355 356 392
55 355 356 391
67 356 391 392
41 356 392 393
78 356 357 393
16 356 357 392
86 357 392 393
0 357 393 394
93 357 358 394
53 357 358 393
96 358 393 394
2 358 394 395
80 358 359 395
51 358 359 394
39 359 394 395
39 359 395 396
18 359 360 396
31 359 360 395
57 360 395 396
37 361 397 398
93 361 362 398
95 361 362 397
34 362 397 398
80 362 398 399
20 362 363 399
20 362 363 398
59 363 398 399
74 363 399 400
90 363 364 400
83 363 364 399
43 364 399 400
58 364 400 401
1 364 365 401
19 364 365 400
97 365 400 401
49 365 401 402
70 365 366 402
22 365 366 401
68 366 401 402
11 366 402 403
71 366 367 403
44 366 367 402
35 367 402 403
89 367 403 404
42 367 368 404
75 367 368 403
5 368 403 404
22 368 404 405
36 368 369 405
47 368 369 404
31 369 404 405
92 369 405 406
83 369 370 406
85 369 370 405
5 370 405 406
66 370 406 407
46 370 371 407
91 370 371 406
37 371 406 407
39 371 407 408
45 371 372 408
59 371 372 407
6 372 407 408
50 372 408 409
96 372 373 409
37 372 373 408
5 373 408 409
29 373 409 410
73 373 374 410
21 373 374 409
67 374 409 410
100 374 410 411
21 374 375 411
99 374 375 410
74 375 410 411
64 375 411 412
53 375 376 412
46 375 376 411
65 376 411 412
24 376 412 413
96 376 377 413
76 376 377 412
20 377 412 413
52 377 413 414
24 377 378 414
80 377 378 413
95 378 413 414
98 378 414 415
37 378 379 415
29 378 379 414
70 379 414 415
87 379 415 416
93 379 380 416
84 379 380 415
21 380 415 416
65 380 416 417
66 380 381 417
31 380 381 416
16 381 416 417
9 381 417 418
100 381 382 418
43 381 382 417
40 382 417 418
53 382 418 419
22 382 383 419
55 382 383 418
88 383 418 419
82 383 419 420
11 383 384 420
7 383 384 419
21 384 419 420
47 384 420 421
42 384 385 421
74 384 385 420
49 385 420 421
28 385 421 422
16 385 386 422
28 385 386 421
31 386 421 422
42 386 422 423
84 386 387 423
18 386 387 422
37 387 422 423
66 387 423 424
43 387 388 424
88 387 388 423
25 388 423 424
12 388 424 425
8 388 389 425
36 388 389 424
44 389 424 425
50 389 425 426
4 389 390 426
52 389 390 425
33 390 425 426
48 390 426 427
93 390 391 427
39 390 391 426
46 391 426 427
11 391 427 428
1 391 392 428
2 391 392 427
45 392 427 428
30 392 428 429
47 392 393 429
27 392 393 428
100 393 428 429
10 393 429 430
37 393 394 430
34 393 394 429
73 394 429 430
79 394 430 431
63 394 395 431
88 394 395 430
69 395 430 431
80 395 431 432
7 395 396 432
13 395 396 431
71 396 431 432
95 397 433 434
89 397 398 434
17 397 398 433
85 398 433 434
31 398 434 435
50 398 399 435
63 398 399 434
64 399 434 435
70 399 435 436
44 399 400 436
95 399 400 435
27 400 435 436
46 400 436 437
95 400 401 437
25 400 401 436
71 401 436 437
67 401 437 438
67 401 402 438
60 401 402 437
33 402 437 438
45 402 438 439
30 402 403 439
10 402 403 438
82 403 438 439
87 403 439 440
3 403 404 440
86 403 404 439
89 404 439 440
89 404 440 441
85 404 405 441
90 404 405 440
9 405 440 441
16 405 441 442
88 405 406 442
16 405 406 441
90 406 441 442
54 406 442 443
44 406 407 443
72 406 407 442
95 407 442 443
19 407 443 444
4 407 408 444
88 407 408 443
9 408 443 444
49 408 444 445
91 408 409 445
53 408 409 444
71 409 444 445
89 409 445 446
60 409 410 446
91 409 410 445
17 410 445 446
84 410 446 447
72 410 411 447
47 410 411 446
87 411 446 447
31 411 447 448
67 411 412 448
99 411 412 447
44 412 447 448
85 412 448 449
20 412 413 449
18 412 413 448
20 413 448 449
80 413 449 450
63 413 414 450
4 413 414 449
41 414 449 450
85 414 450 451
28 414 415 451
40 414 415 450
51 415 450 451
32 415 451 452
29 415 416 452
78 415 416 451
32 416 451 452
99 416 452 453
85 416 417 453
81 416 417 452
8 417 452 453
100 417 453 454
20 417 418 454
57 417 418 453
81 418 453 454
20 418 454 455
98 418 419 455
38 418 419 454
72 419 454 455
4 419 455 456
64 419 420 456
38 419 420 455
32 420 455 456
19 420 456 457
43 420 421 457
47 420 421 456
47 421 456 457
81 421 457 458
45 421 422 458
50 421 422 457
58 422 457 458
5 422 458 459
5 422 423 459
21 422 423 458
51 423 458 459
38 423 459 460
22 423 424 460
30 423 424 459
48 424 459 460
35 424 460 461
8 424 425 461
74 424 425 460
53 425 460 461
69 425 461 462
5 425 426 462
2 425 426 461
42 426 461 462
19 426 462 463
27 426 427 463
88 426 427 462
67 427 462 463
13 427 463 464
46 427 428 464
65 427 428 463
70 428 463 464
3 428 464 465
56 428 429 465
92 428 429 464
20 429 464 465
51 429 465 466
3 429 430 466
2 429 430 465
9 430 465 466
9 430 466 467
25 430 431 467
81 430 431 466
76 431 466 467
94 431 467 468
75 431 432 468
14 431 432 467
18 432 467 468
20 433 469 470
99 433 434 470
38 433 434 469
52 434 469 470
15 434 470 471
75 434 435 471
7 434 435 470
92 435 470 471
100 435 471 472
14 435 436 472
71 435 436 471
21 436 471 472
85 436 472 473
84 436 437 473
67 436 437 472
4 437 472 473
35 437 473 474
29 437 438 474
0 437 438 473
47 438 473 474
57 438 474 475
65 438 439 475
11 438 439 474
76 439 474 475
65 439 475 476
59 439 440 476
64 439 440 475
56 440 475 476
95 440 476 477
67 440 441 477
71 440 441 476
21 441 476 477
98 441 477 478
25 441 442 478
39 441 442 477
50 442 477 478
3 442 478 479
13 442 443 479
75 442 443 478
68 443 478 479
31 443 479 480
43 443 444 480
33 443 444 479
46 444 479 480
65 444 480 481
67 444 445 481
92 444 445 480
46 445 480 481
43 445 481 482
64 445 446 482
80 445 446 481
92 446 481 482
34 446 482 483
69 446 447 483
10 446 447 482
23 447 482 483
64 447 483 484
42 447 448 484
3 447 448 483
35 448 483 484
50 448 484 485
92 448 449 485
32 448 449 484
36 449 484 485
61 449 485 486
18 449 450 486
51 449 450 485
83 450 485 486
39 450 486 487
49 450 451 487
13 450 451 486
76 451 486 487
33 451 487 488
72 451 452 488
66 451 452 487
81 452 487 488
16 452 488 489
28 452 453 489
33 452 453 488
10 453 488 489
49 453 489 490
0 453 454 490
84 453 454 489
92 454 489 490
42 454 490 491
66 454 455 491
78 454 455 490
48 455 490 491
56 455 491 492
65 455 456 492
31 455 456 491
0 456 491 492
20 456 492 493
18 456 457 493
69 456 457 492
60 457 492 493
21 457 493 494
52 457 458 494
47 457 458 493
23 458 493 494
25 458 494 495
12 458 459 495
49 458 459 494
6 459 494 495
36 459 495 496
12 459 460 496
54 459 460 495
12 460 495 496
55 460 496 497
10 460 461 497
28 460 461 496
4 461 496 497
80 461 497 498
80 461 462 498
29 461 462 497
91 462 497 498
12 462 498 499
90 462 463 499
82 462 463 498
29 463 498 499
39 463 499 500
93 463 464 500
100 463 464 499
44 464 499 500
87 464 500 501
45 464 465 501
11 464 465 500
28 465 500 501
20 465 501 502
100 465 466 502
71 465 466 501
45 466 501 502
9 466 502 503
20 466 467 503
60 466 467 502
100 467 502 503
63 467 503 504
38 467 468 504
13 467 468 503
31 468 503 504
48 469 505 506
37 469 470 506
16 469 470 505
85 470 505 506
75 470 506 507
74 470 471 507
34 470 471 506
20 471 506 507
18 471 507 508
28 471 472 508
36 471 472 507
91 472 507 508
11 472 508 509
38 472 473 509
16 472 473 508
4 473 508 509
46 473 509 510
4 473 474 510
8 473 474 509
49 474 509 510
3 474 510 511
39 474 475 511
8 474 475 510
65 475 510 511
32 475 511 512
98 475 476 512
62 475 476 511
76 476 511 512
85 476 512 513
82 476 477 513
50 476 477 512
56 477 512 513
97 477 513 514
82 477 478 514
12 477 478 513
15 478 513 514
24 478 514 515
55 478 479 515
74 478 479 514
64 479 514 515
45 479 515 516
5 479 480 516
6 479 480 515
62 480 515 516
52 480 516 517
13 480 481 517
87 480 481 516
59 481 516 517
35 481 517 518
11 481 482 518
51 481 482 517
41 482 517 518
17 482 518 519
10 482 483 519
14 482 483 518
42 483 518 519
37 483 519 520
17 483 484 520
78 483 484 519
20 484 519 520
83 484 520 521
63 484 485 521
8 484 485 520
31 485 520 521
60 485 521 522
100 485 486 522
49 485 486 521
96 486 521 522
10 486 522 523
0 486 487 523
53 486 487 522
36 487 522 523
25 487 523 524
54 487 488 524
92 487 488 523
91 488 523 524
89 488 524 525
80 488 489 525
3 488 489 524
49 489 524 525
22 489 525 526
29 489 490 526
52 489 490 525
11 490 525 526
12 490 526 527
29 490 491 527
26 490 491 526
54 491 526 527
73 491 527 528
46 491 492 528
83 491 492 527
21 492 527 528
65 492 528 529
32 492 493 529
62 492 493 528
26 493 528 529
76 493 529 530
6 493 494 530
90 493 494 529
55 494 529 530
100 494 530 531
98 494 495 531
7 494 495 530
58 495 530 531
46 495 531 532
64 495 496 532
75 495 496 531
36 496 531 532
14 496 532 533
65 496 497 533
78 496 497 532
47 497 532 533
52 497 533 534
32 497 498 534
79 497 498 533
72 498 533 534
72 498 534 535
23 498 499 535
84 498 499 534
26 499 534 535
24 499 535 536
49 499 500 536
12 499 500 535
46 500 535 536
66 500 536 537
94 500 501 537
15 500 501 536
76 501 536 537
58 501 537 538
50 501 502 538
10 501 502 537
0 502 537 538
73 502 538 539
40 502 503 539
92 502 503 538
71 503 538 539
26 503 539 540
78 503 504 540
54 503 504 539
72 504 539 540
89 505 541 542
30 505 506 542
72 505 506 541
74 506 541 542
54 506 542 543
54 506 507 543
5 506 507 542
18 507 542 543
32 507 543 544
76 507 508 544
46 507 508 543
59 508 543 544
22 508 544 545
50 508 509 545
93 508 509 544
12 509 544 545
68 509 545 546
56 509 510 546
3 509 510 545
30 510 545 546
81 510 546 547
73 510 511 547
7 510 511 546
50 511 546 547
87 511 547 548
54 511 512 548
4 511 512 547
0 512 547 548
55 512 548 549
91 512 513 549
83 512 513 548
69 513 548 549
52 513 549 550
55 513 514 550
9 513 514 549
24 514 549 550
43 514 550 551
64 514 515 551
19 514 515 550
86 515 550 551
91 515 551 552
94 515 516 552
97 515 516 551
75 516 551 552
81 516 552 553
84 516 517 553
1 516 517 552
60 517 552 553
60 517 553 554
52 517 518 554
87 517 518 553
14 518 553 554
96 518 554 555
92 518 519 555
84 518 519 554
42 519 554 555
30 519 555 556
48 519 520 556
48 519 520 555
1 520 555 556
96 520 556 557
64 520 521 557
94 520 521 556
44 521 556 557
9 521 557 558
73 521 522 558
14 521 522 557
77 522 557 558
54 522 558 559
93 522 523 559
80 522 523 558
73 523 558 559
18 523 559 560
10 523 524 560
5 523 524 559
48 524 559 560
97 524 560 561
70 524 525 561
67 524 525 560
70 525 560 561
14 525 561 562
39 525 526 562
53 525 526 561
84 526 561 562
76 526 562 563
7 526 527 563
5 526 527 562
53 527 562 563
31 527 563 564
1 527 528 564
34 527 528 563
43 528 563 564
35 528 564 565
5 528 529 565
3 528 529 564
8 529 564 565
73 529 565 566
85 529 530 566
41 529 530 565
91 530 565 566
61 530 566 567
19 530 531 567
1 530 531 566
4 531 566 567
2 531 567 568
46 531 532 568
36 531 532 567
48 532 567 568
2 532 568 569
2 532 533 569
21 532 533 568
83 533 568 569
89 533 569 570
36 533 534 570
45 533 534 569
13 534 569 570
44 534 570 571
23 534 535 571
3 534 535 570
9 535 570 571
34 535 571 572
36 535 536 572
42 535 536 571
74 536 571 572
84 536 572 573
72 536 537 573
52 536 537 572
2 537 572 573
25 537 573 574
82 537 538 574
50 537 538 573
46 538 573 574
40 538 574 575
6 538 539 575
62 538 539 574
8 539 574 575
65 539 575 576
17 539 540 576
54 539 540 575
89 540 575 576
31 541 577 578
54 541 542 578
88 541 542 577
72 542 577 578
88 542 578 579
90 542 543 579
52 542 543 578
83 543 578 579
38 543 579 580
10 543 544 580
49 543 544 579
49 544 579 580
82 544 580 581
27 544 545 581
87 544 545 580
61 545 580 581
21 545 581 582
38 545 546 582
57 545 546 581
75 546 581 582
39 546 582 583
98 546 547 583
51 546 547 582
78 547 582 583
8 547 583 584
26 547 548 584
80 547 548 583
45 548 583 584
45 548 584 585
31 548 549 585
86 548 549 584
31 549 584 585
69 549 585 586
33 549 550 586
68 549 550 585
79 550 585 586
27 550 586 587
77 550 551 587
69 550 551 586
58 551 586 587
10 551 587 588
55 551 552 588
100 551 552 587
67 552 587 588
73 552 588 589
20 552 553 589
34 552 553 588
84 553 588 589
18 553 589 590
45 553 554 590
28 553 554 589
5 554 589 590
57 554 590 591
2 554 555 591
95 554 555 590
42 555 590 591
38 555 591 592
85 555 556 592
64 555 556 591
83 556 591 592
88 556 592 593
12 556 557 593
22 556 557 592
71 557 592 593
85 557 593 594
69 557 558 594
24 557 558 593
52 558 593 594
69 558 594 595
34 558 559 595
61 558 559 594
50 559 594 595
32 559 595 596
36 559 560 596
19 559 560 595
65 560 595 596
67 560 596 597
84 560 561 597
1 560 561 596
66 561 596 597
45 561 597 598
99 561 562 598
0 561 562 597
2 562 597 598
81 562 598 599
48 562 563 599
14 562 563 598
94 563 598 599
82 563 599 600
53 563 564 600
27 563 564 599
36 564 599 600
1 564 600 601
94 564 565 601
30 564 565 600
16 565 600 601
49 565 601 602
47 565 566 602
65 565 566 601
83 566 601 602
80 566 602 603
72 566 567 603
69 566 567 602
60 567 602 603
14 567 603 604
78 567 568 604
47 567 568 603
13 568 603 604
74 568 604 605
89 568 569 605
77 568 569 604
77 569 604 605
40 569 605 606
66 569 570 606
10 569 570 605
35 570 605 606
55 570 606 607
0 570 571 607
30 570 571 606
49 571 606 607
5 571 607 608
44 571 572 608
33 571 572 607
46 572 607 608
5 572 608 609
30 572 573 609
14 572 573 608
38 573 608 609
77 573 609 610
41 573 574 610
35 573 574 609
66 574 609 610
29 574 610 611
100 574 575 611
26 574 575 610
54 575 610 611
0 575 611 612
34 575 576 612
67 575 576 611
3 576 611 612
17 577 613 614
73 577 578 614
42 577 578 613
4 578 613 614
25 578 614 615
87 578 579 615
84 578 579 614
36 579 614 615
68 579 615 616
90 579 580 616
27 579 580 615
92 580 615 616
11 580 616 617
96 580 581 617
18 580 581 616
48 581 616 617
98 581 617 618
5 581 582 618
51 581 582 617
96 582 617 618
40 582 618 619
71 582 583 619
99 582 583 618
67 583 618 619
56 583 619 620
60 583 584 620
43 583 584 619
75 584 619 620
59 584 620 621
33 584 585 621
42 584 585 620
19 585 620 621
31 585 621 622
12 585 586 622
65 585 586 621
5 586 621 622
14 586 622 623
84 586 587 623
27 586 587 622
42 587 622 623
19 587 623 624
32 587 588 624
92 587 588 623
86 588 623 624
21 588 624 625
29 588 589 625
75 588 589 624
12 589 624 625
39 589 625 626
68 589 590 626
25 589 590 625
36 590 625 626
78 590 626 627
43 590 591 627
78 590 591 626
60 591 626 627
95 591 627 628
12 591 592 628
58 591 592 627
52 592 627 628
100 592 628 629
61 592 593 629
96 592 593 628
30 593 628 629
97 593 629 630
37 593 594 630
59 593 594 629
67 594 629 630
66 594 630 631
61 594 595 631
100 594 595 630
46 595 630 631
77 595 631 632
61 595 596 632
2 595 596 631
31 596 631 632
29 596 632 633
70 596 597 633
43 596 597 632
71 597 632 633
98 597 633 634
41 597 598 634
47 597 598 633
19 598 633 634
3 598 634 635
48 598 599 635
25 598 599 634
100 599 634 635
70 599 635 636
72 599 600 636
92 599 600 635
96 600 635 636
58 600 636 637
18 600 601 637
75 600 601 636
44 601 636 637
80 601 637 638
73 601 602 638
22 601 602 637
29 602 637 638
21 602 638 639
32 602 603 639
51 602 603 638
24 603 638 639
19 603 639 640
97 603 604 640
73 603 604 639
85 604 639 640
59 604 640 641
41 604 605 641
71 604 605 640
46 605 640 641
93 605 641 642
53 605 606 642
90 605 606 641
95 606 641 642
91 606 642 643
70 606 607 643
99 606 607 642
49 607 642 643
37 607 643 644
64 607 608 644
68 607 608 643
68 608 643 644
26 608 644 645
11 608 609 645
14 608 609 644
15 609 644 645
100 609 645 646
97 609 610 646
29 609 610 645
16 610 645 646
23 610 646 647
29 610 611 647
35 610 611 646
79 611 646 647
97 611 647 648
88 611 612 648
67 611 612 647
84 612 647 648
87 613 649 650
47 613 614 650
94 613 614 649
25 614 649 650
92 614 650 651
59 614 615 651
95 614 615 650
87 615 650 651
19 615 651 652
68 615 616 652
97 615 616 651
100 616 651 652
97 616 652 653
77 616 617 653
55 616 617 652
71 617 652 653
45 617 653 654
43 617 618 654
100 617 618 653
54 618 653 654
80 618 654 655
74 618 619 655
25 618 619 654
78 619 654 655
53 619 655 656
59 619 620 656
54 619 620 655
100 620 655 656
75 620 656 657
28 620 621 657
47 620 621 656
88 621 656 657
28 621 657 658
76 621 622 658
72 621 622 657
88 622 657 658
69 622 658 659
83 622 623 659
42 622 623 658
8 623 658 659
6 623 659 660
80 623 624 660
1 623 624 659
31 624 659 660
68 624 660 661
22 624 625 661
69 624 625 660
70 625 660 661
40 625 661 662
18 625 626 662
67 625 626 661
21 626 661 662
43 626 662 663
8 626 627 663
35 626 627 662
63 627 662 663
9 627 663 664
13 627 628 664
75 627 628 663
34 628 663 664
30 628 664 665
85 628 629 665
21 628 629 664
74 629 664 665
73 629 665 666
69 629 630 666
8 629 630 665
82 630 665 666
37 630 666 667
93 630 631 667
85 630 631 666
17 631 666 667
23 631 667 668
35 631 632 668
50 631 632 667
67 632 667 668
27 632 668 669
69 632 633 669
74 632 633 668
3 633 668 669
57 633 669 670
9 633 634 670
90 633 634 669
0 634 669 670
100 634 670 671
68 634 635 671
96 634 635 670
17 635 670 671
30 635 671 672
87 635 636 672
58 635 636 671
28 636 671 672
58 636 672 673
75 636 637 673
87 636 637 672
71 637 672 673
53 637 673 674
49 637 638 674
53 637 638 673
13 638 673 674
57 638 674 675
52 638 639 675
95 638 639 674
37 639 674 675
4 639 675 676
87 639 640 676
83 639 640 675
98 640 675 676
55 640 676 677
59 640 641 677
78 640 641 676
74 641 676 677
76 641 677 678
23 641 642 678
6 641 642 677
87 642 677 678
49 642 678 679
60 642 643 679
49 642 643 678
64 643 678 679
15 643 679 680
83 643 644 680
47 643 644 679
93 644 679 680
2 644 680 681
84 644 645 681
37 644 645 680
51 645 680 681
81 645 681 682
43 645 646 682
5 645 646 681
83 646 681 682
21 646 682 683
90 646 647 683
34 646 647 682
27 647 682 683
42 647 683 684
53 647 648 684
13 647 648 683
69 648 683 684
69 649 685 686
94 649 650 686
3 649 650 685
65 650 685 686
71 650 686 687
22 650 651 687
3 650 651 686
74 651 686 687
11 651 687 688
60 651 652 688
66 651 652 687
81 652 687 688
28 652 688 689
14 652 653 689
33 652 653 688
90 653 688 689
83 653 689 690
0 653 654 690
61 653 654 689
89 654 689 690
48 654 690 691
6 654 655 691
63 654 655 690
92 655 690 691
89 655 691 692
7 655 656 692
18 655 656 691
88 656 691 692
83 656 692 693
70 656 657 693
88 656 657 692
79 657 692 693
51 657 693 694
6 657 658 694
10 657 658 693
14 658 693 694
98 658 694 695
48 658 659 695
11 658 659 694
10 659 694 695
9 659 695 696
7 659 660 696
24 659 660 695
3 660 695 696
72 660 696 697
26 660 661 697
23 660 661 696
67 661 696 697
52 661 697 698
72 661 662 698
25 661 662 697
94 662 697 698
31 662 698 699
61 662 663 699
68 662 663 698
81 663 698 699
65 663 699 700
90 663 664 700
93 663 664 699
6 664 699 700
83 664 700 701
33 664 665 701
22 664 665 700
3 665 700 701
14 665 701 702
36 665 666 702
73 665 666 701
73 666 701 702
16 666 702 703
64 666 667 703
72 666 667 702
26 667 702 703
22 667 703 704
35 667 668 704
51 667 668 703
80 668 703 704
76 668 704 705
81 668 669 705
98 668 669 704
99 669 704 705
60 669 705 706
36 669 670 706
0 669 670 705
64 670 705 706
10 670 706 707
100 670 671 707
78 670 671 706
1 671 706 707
60 671 707 708
11 671 672 708
5 671 672 707
27 672 707 708
14 672 708 709
69 672 673 709
57 672 673 708
82 673 708 709
23 673 709 710
34 673 674 710
31 673 674 709
50 674 709 710
4 674 710 711
41 674 675 711
56 674 675 710
34 675 710 711
64 675 711 712
27 675 676 712
87 675 676 711
42 676 711 712
4 676 712 713
37 676 677 713
45 676 677 712
92 677 712 713
82 677 713 714
15 677 678 714
89 677 678 713
41 678 713 714
7 678 714 715
94 678 679 715
39 678 679 714
22 679 714 715
90 679 715 716
11 679 680 716
56 679 680 715
19 680 715 716
67 680 716 717
34 680 681 717
88 680 681 716
33 681 716 717
23 681 717 718
58 681 682 718
87 681 682 717
46 682 717 718
80 682 718 719
60 682 683 719
55 682 683 718
80 683 718 719
19 683 719 720
25 683 684 720
52 683 684 719
22 684 719 720
79 685 721 722
37 685 686 722
38 685 686 721
6 686 721 722
5 686 722 723
0 686 687 723
84 686 687 722
8 687 722 723
71 687 723 724
76 687 688 724
65 687 688 723
88 688 723 724
64 688 724 725
43 688 689 725
87 688 689 724
16 689 724 725
95 689 725 726
80 689 690 726
40 689 690 725
92 690 725 726
35 690 726 727
61 690 691 727
76 690 691 726
40 691 726 727
59 691 727 728
77 691 692 728
39 691 692 727
27 692 727 728
69 692 728 729
70 692 693 729
25 692 693 728
32 693 728 729
40 693 729 730
1 693 694 730
13 693 694 729
13 694 729 730
76 694 730 731
40 694 695 731
15 694 695 730
21 695 730 731
25 695 731 732
39 695 696 732
100 695 696 731
18 696 731 732
7 696 732 733
26 696 697 733
37 696 697 732
19 697 732 733
0 697 733 734
73 697 698 734
44 697 698 733
7 698 733 734
23 698 734 735
42 698 699 735
15 698 699 734
25 699 734 735
45 699 735 736
81 699 700 736
76 699 700 735
56 700 735 736
49 700 736 737
7 700 701 737
41 700 701 736
92 701 736 737
41 701 737 738
18 701 702 738
36 701 702 737
79 702 737 738
37 702 738 739
70 702 703 739
86 702 703 738
84 703 738 739
3 703 739 740
19 703 704 740
80 703 704 739
21 704 739 740
21 704 740 741
48 704 705 741
57 704 705 740
52 705 740 741
63 705 741 742
6 705 706 742
15 705 706 741
11 706 741 742
54 706 742 743
82 706 707 743
97 706 707 742
58 707 742 743
55 707 743 744
59 707 708 744
58 707 708 743
93 708 743 744
73 708 744 745
98 708 709 745
56 708 709 744
47 709 744 745
50 709 745 746
56 709 710 746
99 709 710 745
95 710 745 746
61 710 746 747
61 710 711 747
97 710 711 746
33 711 746 747
79 711 747 748
74 711 712 748
94 711 712 747
9 712 747 748
43 712 748 749
17 712 713 749
47 712 713 748
23 713 748 749
61 713 749 750
58 713 714 750
27 713 714 749
24 714 749 750
4 714 750 751
81 714 715 751
5 714 715 750
1 715 750 751
27 715 751 752
45 715 716 752
19 715 716 751
71 716 751 752
58 716 752 753
10 716 717 753
86 716 717 752
21 717 752 753
75 717 753 754
45 717 718 754
99 717 718 753
17 718 753 754
38 718 754 755
97 718 719 755
45 718 719 754
1 719 754 755
13 719 755 756
27 719 720 756
93 719 720 755
61 720 755 756
70 721 757 758
24 721 722 758
54 721 722 757
38 722 757 758
77 722 758 759
37 722 723 759
18 722 723 758
32 723 758 759
54 723 759 760
22 723 724 760
8 723 724 759
98 724 759 760
30 724 760 761
84 724 725 761
54 724 725 760
11 725 760 761
3 725 761 762
43 725 726 762
69 725 726 761
42 726 761 762
31 726 762 763
46 726 727 763
86 726 727 762
96 727 762 763
17 727 763 764
63 727 728 764
10 727 728 763
42 728 763 764
82 728 764 765
26 728 729 765
44 728 729 764
10 729 764 765
9 729 765 766
63 729 730 766
34 729 730 765
82 730 765 766
65 730 766 767
34 730 731 767
19 730 731 766
9 731 766 767
1 731 767 768
60 731 732 768
27 731 732 767
33 732 767 768
56 732 768 769
32 732 733 769
57 732 733 768
83 733 768 769
22 733 769 770
14 733 734 770
59 733 734 769
91 734 769 770
98 734 770 771
39 734 735 771
61 734 735 770
55 735 770 771
49 735 771 772
45 735 736 772
89 735 736 771
66 736 771 772
23 736 772 773
3 736 737 773
81 736 737 772
14 737 772 773
31 737 773 774
66 737 738 774
25 737 738 773
19 738 773 774
73 738 774 775
46 738 739 775
2 738 739 774
61 739 774 775
39 739 775 776
9 739 740 776
40 739 740 775
99 740 775 776
35 740 776 777
25 740 741 777
70 740 741 776
35 741 776 777
61 741 777 778
76 741 742 778
47 741 742 777
19 742 777 778
8 742 778 779
17 742 743 779
23 742 743 778
59 743 778 779
79 743 779 780
41 743 744 780
98 743 744 779
0 744 779 780
72 744 780 781
39 744 745 781
54 744 745 780
63 745 780 781
19 745 781 782
1 745 746 782
54 745 746 781
62 746 781 782
70 746 782 783
100 746 747 783
43 746 747 782
28 747 782 783
58 747 783 784
34 747 748 784
97 747 748 783
13 748 783 784
77 748 784 785
75 748 749 785
91 748 749 784
51 749 784 785
27 749 785 786
42 749 750 786
11 749 750 785
55 750 785 786
99 750 786 787
98 750 751 787
47 750 751 786
3 751 786 787
40 751 787 788
2 751 752 788
83 751 752 787
31 752 787 788
71 752 788 789
50 752 753 789
19 752 753 788
13 753 788 789
73 753 789 790
56 753 754 790
5 753 754 789
34 754 789 790
96 754 790 791
64 754 755 791
4 754 755 790
10 755 790 791
28 755 791 792
56 755 756 792
32 755 756 791
45 756 791 792
73 757 793 794
89 757 758 794
82 757 758 793
55 758 793 794
11 758 794 795
0 758 759 795
33 758 759 794
93 759 794 795
19 759 795 796
78 759 760 796
86 759 760 795
99 760 795 796
61 760 796 797
5 760 761 797
86 760 761 796
55 761 796 797
58 761 797 798
13 761 762 798
16 761 762 797
83 762 797 798
69 762 798 799
68 762 763 799
92 762 763 798
48 763 798 799
8 763 799 800
87 763 764 800
94 763 764 799
93 764 799 800
66 764 800 801
61 764 765 801
7 764 765 800
31 765 800 801
45 765 801 802
65 765 766 802
0 765 766 801
40 766 801 802
39 766 802 803
39 766 767 803
41 766 767 802
81 767 802 803
67 767 803 804
88 767 768 804
42 767 768 803
70 768 803 804
56 768 804 805
2 768 769 805
57 768 769 804
37 769 804 805
52 769 805 806
76 769 770 806
84 769 770 805
31 770 805 806
26 770 806 807
31 770 771 807
88 770 771 806
91 771 806 807
57 771 807 808
42 771 772 808
51 771 772 807
29 772 807 808
73 772 808 809
5 772 773 809
68 772 773 808
74 773 808 809
21 773 809 810
5 773 774 810
89 773 774 809
68 774 809 810
76 774 810 811
4 774 775 811
92 774 775 810
39 775 810 811
47 775 811 812
78 775 776 812
65 775 776 811
3 776 811 812
28 776 812 813
32 776 777 813
87 776 777 812
13 777 812 813
62 777 813 814
55 777 778 814
94 777 778 813
35 778 813 814
81 778 814 815
64 778 779 815
74 778 779 814
98 779 814 815
99 779 815 816
7 779 780 816
73 779 780 815
54 780 815 816
87 780 816 817
83 780 781 817
31 780 781 816
7 781 816 817
30 781 817 818
16 781 782 818
55 781 782 817
58 782 817 818
62 782 818 819
22 782 783 819
79 782 783 818
7 783 818 819
82 783 819 820
76 783 784 820
34 783 784 819
72 784 819 820
39 784 820 821
62 784 785 821
39 784 785 820
79 785 820 821
53 785 821 822
87 785 786 822
89 785 786 821
41 786 821 822
13 786 822 823
98 786 787 823
48 786 787 822
68 787 822 823
91 787 823 824
41 787 788 824
12 787 788 823
81 788 823 824
64 788 824 825
60 788 789 825
58 788 789 824
16 789 824 825
71 789 825 826
36 789 790 826
75 789 790 825
99 790 825 826
75 790 826 827
86 790 791 827
35 790 791 826
47 791 826 827
91 791 827 828
43 791 792 828
27 791 792 827
90 792 827 828
53 793 829 830
66 793 794 830
58 793 794 829
65 794 829 830
5 794 830 831
39 794 795 831
9 794 795 830
18 795 830 831
67 795 831 832
86 795 796 832
58 795 796 831
91 796 831 832
15 796 832 833
33 796 797 833
45 796 797 832
24 797 832 833
55 797 833 834
75 797 798 834
91 797 798 833
98 798 833 834
82 798 834 835
8 798 799 835
3 798 799 834
50 799 834 835
38 799 835 836
35 799 800 836
32 799 800 835
79 800 835 836
73 800 836 837
84 800 801 837
81 800 801 836
54 801 836 837
13 801 837 838
86 801 802 838
10 801 802 837
57 802 837 838
59 802 838 839
32 802 803 839
68 802 803 838
17 803 838 839
82 803 839 840
44 803 804 840
7 803 804 839
6 804 839 840
12 804 840 841
4 804 805 841
26 804 805 840
53 805 840 841
91 805 841 842
56 805 806 842
81 805 806 841
26 806 841 842
20 806 842 843
21 806 807 843
2 806 807 842
92 807 842 843
88 807 843 844
8 807 808 844
37 807 808 843
99 808 843 844
40 808 844 845
83 808 809 845
54 808 809 844
26 809 844 845
10 809 845 846
55 809 810 846
58 809 810 845
19 810 845 846
4 810 846 847
51 810 811 847
25 810 811 846
66 811 846 847
37 811 847 848
20 811 812 848
53 811 812 847
1 812 847 848
83 812 848 849
62 812 813 849
56 812 813 848
5 813 848 849
30 813 849 850
78 813 814 850
21 813 814 849
13 814 849 850
79 814 850 851
40 814 815 851
13 814 815 850
82 815 850 851
93 815 851 852
55 815 816 852
8 815 816 851
29 816 851 852
79 816 852 853
40 816 817 853
46 816 817 852
93 817 852 853
45 817 853 854
38 817 818 854
92 817 818 853
25 818 853 854
84 818 854 855
26 818 819 855
67 818 819 854
44 819 854 855
63 819 855 856
75 819 820 856
69 819 820 855
45 820 855 856
48 820 856 857
19 820 821 857
24 820 821 856
16 821 856 857
18 821 857 858
68 821 822 858
84 821 822 857
25 822 857 858
57 822 858 859
68 822 823 859
5 822 823 858
24 823 858 859
85 823 859 860
33 823 824 860
38 823 824 859
91 824 859 860
16 824 860 861
13 824 825 861
71 824 825 860
96 825 860 861
37 825 861 862
14 825 826 862
85 825 826 861
47 826 861 862
71 826 862 863
26 826 827 863
30 826 827 862
87 827 862 863
43 827 863 864
76 827 828 864
27 827 828 863
99 828 863 864
83 829 865 866
65 829 830 866
6 829 830 865
94 830 865 866
51 830 866 867
6 830 831 867
42 830 831 866
87 831 866 867
26 831 867 868
41 831 832 868
77 831 832 867
99 832 867 868
12 832 868 869
6 832 833 869
20 832 833 868
65 833 868 869
70 833 869 870
20 833 834 870
20 833 834 869
40 834 869 870
42 834 870 871
49 834 835 871
30 834 835 870
41 835 870 871
75 835 871 872
68 835 836 872
61 835 836 871
57 836 871 872
20 836 872 873
32 836 837 873
94 836 837 872
16 837 872 873
0 837 873 874
51 837 838 874
48 837 838 873
46 838 873 874
94 838 874 875
40 838 839 875
28 838 839 874
12 839 874 875
92 839 875 876
32 839 840 876
52 839 840 875
18 840 875 876
9 840 876 877
72 840 841 877
0 840 841 876
80 841 876 877
6 841 877 878
99 841 842 878
51 841 842 877
53 842 877 878
3 842 878 879
78 842 843 879
100 842 843 878
94 843 878 879
44 843 879 880
85 843 844 880
43 843 844 879
76 844 879 880
98 844 880 881
19 844 845 881
87 844 845 880
35 845 880 881
4 845 881 882
1 845 846 882
69 845 846 881
66 846 881 882
66 846 882 883
51 846 847 883
9 846 847 882
6 847 882 883
86 847 883 884
29 847 848 884
31 847 848 883
98 848 883 884
96 848 884 885
2 848 849 885
97 848 849 884
54 849 884 885
86 849 885 886
25 849 850 886
2 849 850 885
74 850 885 886
16 850 886 887
72 850 851 887
45 850 851 886
49 851 886 887
42 851 887 888
60 851 852 888
20 851 852 887
91 852 887 888
31 852 888 889
46 852 853 889
9 852 853 888
58 853 888 889
6 853 889 890
27 853 854 890
93 853 854 889
4 854 889 890
17 854 890 891
36 854 855 891
15 854 855 890
90 855 890 891
68 855 891 892
15 855 856 892
8 855 856 891
95 856 891 892
15 856 892 893
82 856 857 893
65 856 857 892
40 857 892 893
10 857 893 894
54 857 858 894
13 857 858 893
24 858 893 894
55 858 894 895
80 858 859 895
30 858 859 894
3 859 894 895
4 859 895 896
27 859 860 896
99 859 860 895
66 860 895 896
84 860 896 897
82 860 861 897
47 860 861 896
42 861 896 897
97 861 897 898
99 861 862 898
22 861 862 897
75 862 897 898
97 862 898 899
16 862 863 899
63 862 863 898
7 863 898 899
55 863 899 900
86 863 864 900
97 863 864 899
100 864 899 900
23 865 901 902
48 865 866 902
4 865 866 901
55 866 901 902
32 866 902 903
20 866 867 903
25 866 867 902
4 867 902 903
75 867 903 904
37 867 868 904
11 867 868 903
84 868 903 904
72 868 904 905
49 868 869 905
92 868 869 904
41 869 904 905
43 869 905 906
70 869 870 906
18 869 870 905
86 870 905 906
41 870 906 907
4 870 871 907
53 870 871 906
48 871 906 907
85 871 907 908
46 871 872 908
46 871 872 907
87 872 907 908
78 872 908 909
23 872 873 909
69 872 873 908
2 873 908 909
38 873 909 910
73 873 874 910
8 873 874 909
5 874 909 910
34 874 910 911
50 874 875 911
87 874 875 910
2 875 910 911
63 875 911 912
88 875 876 912
83 875 876 911
30 876 911 912
90 876 912 913
18 876 877 913
57 876 877 912
39 877 912 913
0 877 913 914
59 877 878 914
92 877 878 913
5 878 913 914
3 878 914 915
1 878 879 915
77 878 879 914
56 879 914 915
5 879 915 916
20 879 880 916
80 879 880 915
58 880 915 916
18 880 916 917
91 880 881 917
17 880 881 916
40 881 916 917
2 881 917 918
14 881 882 918
4 881 882 917
6 882 917 918
72 882 918 919
68 882 883 919
68 882 883 918
69 883 918 919
91 883 919 920
57 883 884 920
77 883 884 919
47 884 919 920
24 884 920 921
88 884 885 921
17 884 885 920
53 885 920 921
26 885 921 922
22 885 886 922
58 885 886 921
64 886 921 922
23 886 922 923
57 886 887 923
87 886 887 922
71 887 922 923
62 887 923 924
99 887 888 924
48 887 888 923
61 888 923 924
0 888 924 925
37 888 889 925
2 888 889 924
32 889 924 925
47 889 925 926
22 889 890 926
59 889 890 925
17 890 925 926
99 890 926 927
76 890 891 927
92 890 891 926
16 891 926 927
45 891 927 928
98 891 892 928
92 891 892 927
67 892 927 928
68 892 928 929
51 892 893 929
36 892 893 928
38 893 928 929
24 893 929 930
99 893 894 930
82 893 894 929
87 894 929 930
87 894 930 931
8 894 895 931
41 894 895 930
47 895 930 931
26 895 931 932
50 895 896 932
70 895 896 931
27 896 931 932
37 896 932 933
25 896 897 933
44 896 897 932
52 897 932 933
35 897 933 934
91 897 898 934
21 897 898 933
50 898 933 934
95 898 934 935
77 898 899 935
91 898 899 934
91 899 934 935
90 899 935 936
51 899 900 936
61 899 900 935
74 900 935 936
17 901 937 938
2 901 902 938
22 901 902 937
85 902 937 938
63 902 938 939
22 902 903 939
52 902 903 938
59 903 938 939
4 903 939 940
59 903 904 940
14 903 904 939
12 904 939 940
53 904 940 941
85 904 905 941
18 904 905 940
42 905 940 941
26 905 941 942
41 905 906 942
30 905 906 941
40 906 941 942
28 906 942 943
16 906 907 943
20 906 907 942
25 907 942 943
76 907 943 944
84 907 908 944
61 907 908 943
72 908 943 944
20 908 944 945
10 908 909 945
5 908 909 944
56 909 944 945
8 909 945 946
86 909 910 946
59 909 910 945
33 910 945 946
51 910 946 947
18 910 911 947
49 910 911 946
73 911 946 947
16 911 947 948
14 911 912 948
26 911 912 947
78 912 947 948
41 912 948 949
42 912 913 949
87 912 913 948
17 913 948 949
42 913 949 950
16 913 914 950
86 913 914 949
39 914 949 950
74 914 950 951
36 914 915 951
54 914 915 950
64 915 950 951
3 915 951 952
95 915 916 952
99 915 916 951
69 916 951 952
29 916 952 953
14 916 917 953
23 916 917 952
49 917 952 953
31 917 953 954
5 917 918 954
60 917 918 953
48 918 953 954
14 918 954 955
72 918 919 955
47 918 919 954
73 919 954 955
36 919 955 956
82 919 920 956
53 919 920 955
2 920 955 956
71 920 956 957
7 920 921 957
14 920 921 956
96 921 956 957
45 921 957 958
9 921 922 958
73 921 922 957
56 922 957 958
63 922 958 959
6 922 923 959
98 922 923 958
82 923 958 959
69 923 959 960
97 923 924 960
0 923 924 959
12 924 959 960
80 924 960 961
16 924 925 961
55 924 925 960
81 925 960 961
77 925 961 962
17 925 926 962
39 925 926 961
45 926 961 962
67 926 962 963
66 926 927 963
44 926 927 962
57 927 962 963
57 927 963 964
67 927 928 964
90 927 928 963
55 928 963 964
53 928 964 965
80 928 929 965
7 928 929 964
74 929 964 965
80 929 965 966
78 929 930 966
4 929 930 965
17 930 965 966
77 930 966 967
31 930 931 967
73 930 931 966
98 931 966 967
24 931 967 968
61 931 932 968
47 931 932 967
87 932 967 968
50 932 968 969
90 932 933 969
36 932 933 968
74 933 968 969
30 933 969 970
56 933 934 970
2 933 934 969
87 934 969 970
70 934 970 971
5 934 935 971
38 934 935 970
80 935 970 971
86 935 971 972
7 935 936 972
60 935 936 971
3 936 971 972
