13 1 20 21
18 1 2 21
60 1 2 20
45 2 20 21
52 2 21 22
87 2 3 22
34 2 3 21
100 3 21 22
48 3 22 23
3 3 4 23
85 3 4 22
100 4 22 23
13 4 23 24
75 4 5 24
7 4 5 23
85 5 23 24
19 5 24 25
53 5 6 25
49 5 6 24
70 6 24 25
50 6 25 26
82 6 7 26
32 6 7 25
58 7 25 26
71 7 26 27
39 7 8 27
57 7 8 26
89 8 26 27
86 8 27 28
12 8 9 28
86 8 9 27
85 9 27 28
50 9 28 29
87 9 10 29
14 9 10 28
63 10 28 29
91 10 29 30
87 10 11 30
60 10 11 29
40 11 29 30
63 11 30 31
53 11 12 31
49 11 12 30
13 12 30 31
19 12 31 32
88 12 13 32
82 12 13 31
28 13 31 32
82 13 32 33
83 13 14 33
34 13 14 32
35 14 32 33
59 14 33 34
47 14 15 34
89 14 15 33
42 15 33 34
24 15 34 35
4 15 16 35
86 15 16 34
58 16 34 35
69 16 35 36
7 16 17 36
21 16 17 35
14 17 35 36
17 17 36 37
92 17 18 37
21 17 18 36
99 18 36 37
36 18 37 38
62 18 19 38
73 18 19 37
73 19 37 38
62 20 39 40
1 20 21 40
50 20 21 39
25 21 39 40
94 21 40 41
21 21 22 41
98 21 22 40
84 22 40 41
61 22 41 42
23 22 23 42
11 22 23 41
66 23 41 42
81 23 42 43
71 23 24 43
90 23 24 42
10 24 42 43
73 24 43 44
12 24 25 44
79 24 25 43
61 25 43 44
11 25 44 45
2 25 26 45
29 25 26 44
49 26 44 45
4 26 45 46
65 26 27 46
49 26 27 45
24 27 45 46
13 27 46 47
29 27 28 47
38 27 28 46
98 28 46 47
36 28 47 48
33 28 29 48
61 28 29 47
86 29 47 48
83 29 48 49
40 29 30 49
87 29 30 48
11 30 48 49
29 30 49 50
80 30 31 50
7 30 31 49
89 31 49 50
46 31 50 51
26 31 32 51
87 31 32 50
72 32 50 51
74 32 51 52
75 32 33 52
51 32 33 51
33 33 51 52
46 33 52 53
56 33 34 53
56 33 34 52
2 34 52 53
25 34 53 54
89 34 35 54
88 34 35 53
68 35 53 54
46 35 54 55
6 35 36 55
11 35 36 54
93 36 54 55
28 36 55 56
51 36 37 56
10 36 37 55
19 37 55 56
8 37 56 57
26 37 38 57
75 37 38 56
75 38 56 57
18 39 58 59
15 39 40 59
20 39 40 58
51 40 58 59
57 40 59 60
99 40 41 60
64 40 41 59
94 41 59 60
13 41 60 61
99 41 42 61
94 41 42 60
62 42 60 61
62 42 61 62
80 42 43 62
2 42 43 61
9 43 61 62
33 43 62 63
25 43 44 63
90 43 44 62
89 44 62 63
66 44 63 64
97 44 45 64
48 44 45 63
73 45 63 64
54 45 64 65
11 45 46 65
70 45 46 64
16 46 64 65
90 46 65 66
40 46 47 66
4 46 47 65
2 47 65 66
77 47 66 67
63 47 48 67
30 47 48 66
23 48 66 67
63 48 67 68
44 48 49 68
90 48 49 67
76 49 67 68
22 49 68 69
83 49 50 69
4 49 50 68
84 50 68 69
22 50 69 70
89 50 51 70
22 50 51 69
54 51 69 70
82 51 70 71
6 51 52 71
48 51 52 70
95 52 70 71
31 52 71 72
79 52 53 72
53 52 53 71
69 53 71 72
79 53 72 73
93 53 54 73
0 53 54 72
100 54 72 73
32 54 73 74
8 54 55 74
36 54 55 73
71 55 73 74
83 55 74 75
29 55 56 75
81 55 56 74
58 56 74 75
14 56 75 76
0 56 57 76
57 56 57 75
25 57 75 76
87 58 77 78
87 58 59 78
42 58 59 77
14 59 77 78
9 59 78 79
30 59 60 79
68 59 60 78
9 60 78 79
45 60 79 80
35 60 61 80
71 60 61 79
89 61 79 80
84 61 80 81
35 61 62 81
59 61 62 80
3 62 80 81
68 62 81 82
58 62 63 82
71 62 63 81
65 63 81 82
56 63 82 83
23 63 64 83
60 63 64 82
7 64 82 83
67 64 83 84
29 64 65 84
80 64 65 83
64 65 83 84
95 65 84 85
98 65 66 85
48 65 66 84
98 66 84 85
63 66 85 86
90 66 67 86
69 66 67 85
97 67 85 86
23 67 86 87
48 67 68 87
94 67 68 86
71 68 86 87
20 68 87 88
15 68 69 88
50 68 69 87
61 69 87 88
22 69 88 89
68 69 70 89
73 69 70 88
67 70 88 89
100 70 89 90
78 70 71 90
37 70 71 89
84 71 89 90
30 71 90 91
36 71 72 91
24 71 72 90
77 72 90 91
92 72 91 92
55 72 73 92
33 72 73 91
9 73 91 92
52 73 92 93
0 73 74 93
38 73 74 92
11 74 92 93
76 74 93 94
99 74 75 94
30 74 75 93
68 75 93 94
58 75 94 95
18 75 76 95
67 75 76 94
14 76 94 95
93 77 96 97
80 77 78 97
56 77 78 96
89 78 96 97
90 78 97 98
84 78 79 98
25 78 79 97
55 79 97 98
72 79 98 99
5 79 80 99
34 79 80 98
83 80 98 99
25 80 99 100
52 80 81 100
73 80 81 99
4 81 99 100
38 81 100 101
59 81 82 101
1 81 82 100
85 82 100 101
89 82 101 102
69 82 83 102
44 82 83 101
18 83 101 102
9 83 102 103
23 83 84 103
91 83 84 102
46 84 102 103
44 84 103 104
83 84 85 104
60 84 85 103
70 85 103 104
67 85 104 105
97 85 86 105
47 85 86 104
34 86 104 105
28 86 105 106
8 86 87 106
60 86 87 105
35 87 105 106
2 87 106 107
34 87 88 107
6 87 88 106
83 88 106 107
99 88 107 108
94 88 89 108
45 88 89 107
55 89 107 108
79 89 108 109
76 89 90 109
44 89 90 108
7 90 108 109
47 90 109 110
40 90 91 110
73 90 91 109
35 91 109 110
24 91 110 111
12 91 92 111
16 91 92 110
59 92 110 111
30 92 111 112
13 92 93 112
22 92 93 111
20 93 111 112
74 93 112 113
25 93 94 113
40 93 94 112
81 94 112 113
59 94 113 114
75 94 95 114
68 94 95 113
92 95 113 114
61 96 115 116
83 96 97 116
46 96 97 115
86 97 115 116
12 97 116 117
24 97 98 117
13 97 98 116
93 98 116 117
45 98 117 118
72 98 99 118
68 98 99 117
49 99 117 118
14 99 118 119
51 99 100 119
17 99 100 118
39 100 118 119
87 100 119 120
64 100 101 120
39 100 101 119
13 101 119 120
70 101 120 121
60 101 102 121
97 101 102 120
60 102 120 121
0 102 121 122
72 102 103 122
29 102 103 121
19 103 121 122
58 103 122 123
39 103 104 123
99 103 104 122
71 104 122 123
27 104 123 124
12 104 105 124
41 104 105 123
8 105 123 124
24 105 124 125
32 105 106 125
96 105 106 124
28 106 124 125
35 106 125 126
8 106 107 126
19 106 107 125
87 107 125 126
12 107 126 127
48 107 108 127
69 107 108 126
35 108 126 127
35 108 127 128
13 108 109 128
73 108 109 127
50 109 127 128
99 109 128 129
56 109 110 129
1 109 110 128
24 110 128 129
1 110 129 130
53 110 111 130
70 110 111 129
26 111 129 130
22 111 130 131
54 111 112 131
32 111 112 130
2 112 130 131
99 112 131 132
54 112 113 132
64 112 113 131
74 113 131 132
38 113 132 133
33 113 114 133
26 113 114 132
91 114 132 133
46 115 134 135
16 115 116 135
86 115 116 134
84 116 134 135
66 116 135 136
49 116 117 136
71 116 117 135
94 117 135 136
67 117 136 137
26 117 118 137
61 117 118 136
90 118 136 137
12 118 137 138
34 118 119 138
38 118 119 137
57 119 137 138
59 119 138 139
10 119 120 139
31 119 120 138
0 120 138 139
60 120 139 140
7 120 121 140
80 120 121 139
76 121 139 140
12 121 140 141
5 121 122 141
83 121 122 140
18 122 140 141
90 122 141 142
28 122 123 142
83 122 123 141
97 123 141 142
32 123 142 143
34 123 124 143
56 123 124 142
22 124 142 143
10 124 143 144
22 124 125 144
91 124 125 143
12 125 143 144
6 125 144 145
49 125 126 145
69 125 126 144
83 126 144 145
24 126 145 146
79 126 127 146
84 126 127 145
44 127 145 146
96 127 146 147
33 127 128 147
65 127 128 146
92 128 146 147
39 128 147 148
31 128 129 148
50 128 129 147
80 129 147 148
82 129 148 149
20 129 130 149
92 129 130 148
39 130 148 149
7 130 149 150
83 130 131 150
1 130 131 149
90 131 149 150
17 131 150 151
45 131 132 151
70 131 132 150
15 132 150 151
14 132 151 152
25 132 133 152
53 132 133 151
94 133 151 152
19 134 153 154
66 134 135 154
99 134 135 153
54 135 153 154
3 135 154 155
5 135 136 155
77 135 136 154
32 136 154 155
63 136 155 156
53 136 137 156
53 136 137 155
39 137 155 156
40 137 156 157
93 137 138 157
80 137 138 156
78 138 156 157
26 138 157 158
49 138 139 158
26 138 139 157
70 139 157 158
33 139 158 159
58 139 140 159
7 139 140 158
58 140 158 159
65 140 159 160
58 140 141 160
45 140 141 159
76 141 159 160
96 141 160 161
87 141 142 161
58 141 142 160
90 142 160 161
16 142 161 162
7 142 143 162
22 142 143 161
59 143 161 162
50 143 162 163
66 143 144 163
66 143 144 162
96 144 162 163
46 144 163 164
93 144 145 164
63 144 145 163
60 145 163 164
27 145 164 165
81 145 146 165
77 145 146 164
38 146 164 165
25 146 165 166
66 146 147 166
92 146 147 165
39 147 165 166
96 147 166 167
74 147 148 167
47 147 148 166
24 148 166 167
49 148 167 168
34 148 149 168
65 148 149 167
11 149 167 168
92 149 168 169
56 149 150 169
14 149 150 168
10 150 168 169
12 150 169 170
25 150 151 170
40 150 151 169
16 151 169 170
81 151 170 171
32 151 152 171
39 151 152 170
76 152 170 171
94 153 172 173
73 153 154 173
49 153 154 172
15 154 172 173
94 154 173 174
80 154 155 174
12 154 155 173
46 155 173 174
17 155 174 175
18 155 156 175
86 155 156 174
98 156 174 175
54 156 175 176
3 156 157 176
35 156 157 175
46 157 175 176
76 157 176 177
42 157 158 177
83 157 158 176
41 158 176 177
0 158 177 178
96 158 159 178
78 158 159 177
1 159 177 178
31 159 178 179
50 159 160 179
54 159 160 178
40 160 178 179
64 160 179 180
3 160 161 180
74 160 161 179
59 161 179 180
4 161 180 181
90 161 162 181
66 161 162 180
85 162 180 181
37 162 181 182
99 162 163 182
54 162 163 181
45 163 181 182
44 163 182 183
15 163 164 183
15 163 164 182
11 164 182 183
100 164 183 184
74 164 165 184
43 164 165 183
32 165 183 184
98 165 184 185
4 165 166 185
56 165 166 184
4 166 184 185
14 166 185 186
16 166 167 186
98 166 167 185
7 167 185 186
14 167 186 187
80 167 168 187
24 167 168 186
100 168 186 187
53 168 187 188
85 168 169 188
43 168 169 187
16 169 187 188
64 169 188 189
34 169 170 189
93 169 170 188
87 170 188 189
92 170 189 190
5 170 171 190
70 170 171 189
75 171 189 190
24 172 191 192
12 172 173 192
40 172 173 191
43 173 191 192
2 173 192 193
13 173 174 193
91 173 174 192
7 174 192 193
25 174 193 194
50 174 175 194
26 174 175 193
57 175 193 194
79 175 194 195
88 175 176 195
56 175 176 194
23 176 194 195
44 176 195 196
76 176 177 196
10 176 177 195
61 177 195 196
24 177 196 197
9 177 178 197
11 177 178 196
79 178 196 197
21 178 197 198
12 178 179 198
92 178 179 197
7 179 197 198
45 179 198 199
50 179 180 199
48 179 180 198
83 180 198 199
44 180 199 200
49 180 181 200
36 180 181 199
38 181 199 200
71 181 200 201
13 181 182 201
49 181 182 200
96 182 200 201
31 182 201 202
80 182 183 202
69 182 183 201
91 183 201 202
55 183 202 203
1 183 184 203
57 183 184 202
29 184 202 203
13 184 203 204
10 184 185 204
89 184 185 203
59 185 203 204
51 185 204 205
14 185 186 205
16 185 186 204
95 186 204 205
86 186 205 206
28 186 187 206
58 186 187 205
58 187 205 206
14 187 206 207
97 187 188 207
54 187 188 206
41 188 206 207
60 188 207 208
33 188 189 208
17 188 189 207
12 189 207 208
38 189 208 209
74 189 190 209
13 189 190 208
21 190 208 209
1 191 210 211
73 191 192 211
48 191 192 210
47 192 210 211
94 192 211 212
6 192 193 212
45 192 193 211
44 193 211 212
55 193 212 213
13 193 194 213
63 193 194 212
92 194 212 213
53 194 213 214
7 194 195 214
75 194 195 213
3 195 213 214
98 195 214 215
84 195 196 215
62 195 196 214
73 196 214 215
36 196 215 216
18 196 197 216
65 196 197 215
77 197 215 216
14 197 216 217
66 197 198 217
48 197 198 216
73 198 216 217
67 198 217 218
54 198 199 218
56 198 199 217
38 199 217 218
31 199 218 219
60 199 200 219
45 199 200 218
90 200 218 219
67 200 219 220
77 200 201 220
35 200 201 219
78 201 219 220
66 201 220 221
1 201 202 221
33 201 202 220
28 202 220 221
18 202 221 222
70 202 203 222
26 202 203 221
24 203 221 222
64 203 222 223
15 203 204 223
75 203 204 222
94 204 222 223
77 204 223 224
81 204 205 224
34 204 205 223
35 205 223 224
77 205 224 225
37 205 206 225
86 205 206 224
57 206 224 225
60 206 225 226
34 206 207 226
86 206 207 225
98 207 225 226
63 207 226 227
97 207 208 227
37 207 208 226
22 208 226 227
51 208 227 228
10 208 209 228
5 208 209 227
3 209 227 228
40 210 229 230
15 210 211 230
60 210 211 229
63 211 229 230
60 211 230 231
22 211 212 231
21 211 212 230
78 212 230 231
28 212 231 232
78 212 213 232
81 212 213 231
94 213 231 232
11 213 232 233
66 213 214 233
21 213 214 232
26 214 232 233
83 214 233 234
14 214 215 234
10 214 215 233
71 215 233 234
25 215 234 235
6 215 216 235
88 215 216 234
7 216 234 235
25 216 235 236
82 216 217 236
91 216 217 235
33 217 235 236
87 217 236 237
96 217 218 237
17 217 218 236
83 218 236 237
27 218 237 238
44 218 219 238
78 218 219 237
18 219 237 238
68 219 238 239
30 219 220 239
61 219 220 238
52 220 238 239
54 220 239 240
63 220 221 240
13 220 221 239
8 221 239 240
56 221 240 241
24 221 222 241
71 221 222 240
29 222 240 241
39 222 241 242
23 222 223 242
46 222 223 241
42 223 241 242
22 223 242 243
18 223 224 243
48 223 224 242
87 224 242 243
88 224 243 244
74 224 225 244
67 224 225 243
35 225 243 244
97 225 244 245
43 225 226 245
60 225 226 244
11 226 244 245
51 226 245 246
78 226 227 246
62 226 227 245
7 227 245 246
100 227 246 247
25 227 228 247
21 227 228 246
22 228 246 247
53 229 248 249
85 229 230 249
23 229 230 248
22 230 248 249
17 230 249 250
12 230 231 250
9 230 231 249
21 231 249 250
42 231 250 251
62 231 232 251
11 231 232 250
78 232 250 251
76 232 251 252
55 232 233 252
39 232 233 251
79 233 251 252
20 233 252 253
60 233 234 253
91 233 234 252
57 234 252 253
21 234 253 254
99 234 235 254
67 234 235 253
61 235 253 254
79 235 254 255
2 235 236 255
24 235 236 254
23 236 254 255
50 236 255 256
2 236 237 256
10 236 237 255
62 237 255 256
9 237 256 257
15 237 238 257
73 237 238 256
93 238 256 257
91 238 257 258
35 238 239 258
36 238 239 257
39 239 257 258
29 239 258 259
53 239 240 259
54 239 240 258
34 240 258 259
97 240 259 260
83 240 241 260
87 240 241 259
74 241 259 260
47 241 260 261
59 241 242 261
11 241 242 260
59 242 260 261
47 242 261 262
40 242 243 262
30 242 243 261
6 243 261 262
60 243 262 263
62 243 244 263
72 243 244 262
94 244 262 263
23 244 263 264
9 244 245 264
68 244 245 263
44 245 263 264
25 245 264 265
47 245 246 265
8 245 246 264
4 246 264 265
82 246 265 266
97 246 247 266
97 246 247 265
77 247 265 266
65 248 267 268
23 248 249 268
38 248 249 267
79 249 267 268
42 249 268 269
39 249 250 269
2 249 250 268
90 250 268 269
62 250 269 270
60 250 251 270
68 250 251 269
69 251 269 270
76 251 270 271
12 251 252 271
81 251 252 270
33 252 270 271
66 252 271 272
77 252 253 272
31 252 253 271
81 253 271 272
60 253 272 273
73 253 254 273
22 253 254 272
49 254 272 273
38 254 273 274
93 254 255 274
38 254 255 273
35 255 273 274
60 255 274 275
91 255 256 275
61 255 256 274
32 256 274 275
79 256 275 276
29 256 257 276
99 256 257 275
68 257 275 276
84 257 276 277
49 257 258 277
51 257 258 276
42 258 276 277
76 258 277 278
36 258 259 278
21 258 259 277
69 259 277 278
59 259 278 279
52 259 260 279
89 259 260 278
38 260 278 279
96 260 279 280
95 260 261 280
33 260 261 279
14 261 279 280
93 261 280 281
29 261 262 281
41 261 262 280
85 262 280 281
95 262 281 282
48 262 263 282
96 262 263 281
24 263 281 282
87 263 282 283
86 263 264 283
34 263 264 282
95 264 282 283
55 264 283 284
1 264 265 284
18 264 265 283
96 265 283 284
16 265 284 285
48 265 266 285
21 265 266 284
54 266 284 285
54 267 286 287
87 267 268 287
65 267 268 286
85 268 286 287
3 268 287 288
74 268 269 288
5 268 269 287
75 269 287 288
75 269 288 289
21 269 270 289
95 269 270 288
66 270 288 289
69 270 289 290
93 270 271 290
79 270 271 289
73 271 289 290
67 271 290 291
96 271 272 291
97 271 272 290
22 272 290 291
2 272 291 292
6 272 273 292
52 272 273 291
15 273 291 292
97 273 292 293
64 273 274 293
27 273 274 292
67 274 292 293
37 274 293 294
93 274 275 294
5 274 275 293
31 275 293 294
48 275 294 295
96 275 276 295
98 275 276 294
59 276 294 295
38 276 295 296
79 276 277 296
68 276 277 295
7 277 295 296
73 277 296 297
67 277 278 297
30 277 278 296
21 278 296 297
72 278 297 298
28 278 279 298
21 278 279 297
8 279 297 298
78 279 298 299
39 279 280 299
90 279 280 298
17 280 298 299
45 280 299 300
67 280 281 300
45 280 281 299
41 281 299 300
0 281 300 301
68 281 282 301
89 281 282 300
93 282 300 301
91 282 301 302
39 282 283 302
6 282 283 301
45 283 301 302
40 283 302 303
20 283 284 303
95 283 284 302
31 284 302 303
64 284 303 304
39 284 285 304
48 284 285 303
80 285 303 304
67 286 305 306
35 286 287 306
48 286 287 305
20 287 305 306
71 287 306 307
74 287 288 307
5 287 288 306
77 288 306 307
63 288 307 308
15 288 289 308
54 288 289 307
17 289 307 308
68 289 308 309
87 289 290 309
74 289 290 308
14 290 308 309
0 290 309 310
51 290 291 310
16 290 291 309
2 291 309 310
18 291 310 311
50 291 292 311
76 291 292 310
59 292 310 311
31 292 311 312
19 292 293 312
93 292 293 311
71 293 311 312
13 293 312 313
52 293 294 313
96 293 294 312
41 294 312 313
47 294 313 314
86 294 295 314
61 294 295 313
56 295 313 314
30 295 314 315
63 295 296 315
49 295 296 314
24 296 314 315
14 296 315 316
87 296 297 316
10 296 297 315
52 297 315 316
60 297 316 317
60 297 298 317
2 297 298 316
3 298 316 317
13 298 317 318
88 298 299 318
48 298 299 317
3 299 317 318
18 299 318 319
1 299 300 319
55 299 300 318
20 300 318 319
0 300 319 320
60 300 301 320
38 300 301 319
52 301 319 320
77 301 320 321
5 301 302 321
64 301 302 320
57 302 320 321
10 302 321 322
88 302 303 322
0 302 303 321
53 303 321 322
2 303 322 323
33 303 304 323
48 303 304 322
82 304 322 323
4 305 324 325
42 305 306 325
86 305 306 324
54 306 324 325
15 306 325 326
25 306 307 326
5 306 307 325
73 307 325 326
60 307 326 327
11 307 308 327
69 307 308 326
91 308 326 327
85 308 327 328
16 308 309 328
96 308 309 327
63 309 327 328
35 309 328 329
98 309 310 329
30 309 310 328
24 310 328 329
44 310 329 330
80 310 311 330
61 310 311 329
59 311 329 330
25 311 330 331
26 311 312 331
40 311 312 330
41 312 330 331
34 312 331 332
93 312 313 332
93 312 313 331
30 313 331 332
60 313 332 333
49 313 314 333
45 313 314 332
86 314 332 333
13 314 333 334
63 314 315 334
100 314 315 333
72 315 333 334
25 315 334 335
53 315 316 335
58 315 316 334
73 316 334 335
57 316 335 336
28 316 317 336
72 316 317 335
57 317 335 336
93 317 336 337
61 317 318 337
56 317 318 336
98 318 336 337
40 318 337 338
5 318 319 338
78 318 319 337
17 319 337 338
30 319 338 339
60 319 320 339
23 319 320 338
8 320 338 339
93 320 339 340
34 320 321 340
30 320 321 339
17 321 339 340
48 321 340 341
10 321 322 341
47 321 322 340
47 322 340 341
33 322 341 342
55 322 323 342
38 322 323 341
97 323 341 342
15 324 343 344
48 324 325 344
33 324 325 343
48 325 343 344
87 325 344 345
19 325 326 345
51 325 326 344
80 326 344 345
29 326 345 346
19 326 327 346
83 326 327 345
81 327 345 346
51 327 346 347
80 327 328 347
90 327 328 346
89 328 346 347
39 328 347 348
97 328 329 348
33 328 329 347
99 329 347 348
41 329 348 349
91 329 330 349
14 329 330 348
61 330 348 349
52 330 349 350
68 330 331 350
25 330 331 349
44 331 349 350
23 331 350 351
53 331 332 351
34 331 332 350
95 332 350 351
43 332 351 352
28 332 333 352
46 332 333 351
62 333 351 352
89 333 352 353
64 333 334 353
57 333 334 352
4 334 352 353
21 334 353 354
52 334 335 354
1 334 335 353
63 335 353 354
64 335 354 355
48 335 336 355
25 335 336 354
11 336 354 355
24 336 355 356
41 336 337 356
21 336 337 355
1 337 355 356
94 337 356 357
23 337 338 357
68 337 338 356
42 338 356 357
41 338 357 358
91 338 339 358
68 338 339 357
83 339 357 358
87 339 358 359
45 339 340 359
25 339 340 358
87 340 358 359
43 340 359 360
50 340 341 360
39 340 341 359
58 341 359 360
73 341 360 361
26 341 342 361
73 341 342 360
85 342 360 361
94 343 362 363
59 343 344 363
39 343 344 362
11 344 362 363
47 344 363 364
6 344 345 364
98 344 345 363
25 345 363 364
96 345 364 365
50 345 346 365
51 345 346 364
78 346 364 365
43 346 365 366
49 346 347 366
54 346 347 365
30 347 365 366
36 347 366 367
25 347 348 367
100 347 348 366
21 348 366 367
84 348 367 368
85 348 349 368
9 348 349 367
8 349 367 368
47 349 368 369
55 349 350 369
64 349 350 368
24 350 368 369
98 350 369 370
29 350 351 370
27 350 351 369
91 351 369 370
37 351 370 371
28 351 352 371
93 351 352 370
51 352 370 371
23 352 371 372
20 352 353 372
99 352 353 371
87 353 371 372
59 353 372 373
83 353 354 373
63 353 354 372
21 354 372 373
10 354 373 374
86 354 355 374
73 354 355 373
67 355 373 374
45 355 374 375
74 355 356 375
93 355 356 374
69 356 374 375
33 356 375 376
55 356 357 376
42 356 357 375
43 357 375 376
16 357 376 377
41 357 358 377
80 357 358 376
39 358 376 377
61 358 377 378
97 358 359 378
27 358 359 377
71 359 377 378
64 359 378 379
26 359 360 379
72 359 360 378
84 360 378 379
75 360 379 380
67 360 361 380
24 360 361 379
10 361 379 380
19 361 380 381
45 362 400 401
51 362 363 401
29 362 363 400
74 363 400 401
18 363 401 402
62 363 364 402
15 363 364 401
72 364 401 402
83 364 402 403
100 364 365 403
82 364 365 402
76 365 402 403
32 365 403 404
55 365 366 404
49 365 366 403
57 366 403 404
74 366 404 405
75 366 367 405
45 366 367 404
1 367 404 405
92 367 405 406
33 367 368 406
92 367 368 405
61 368 405 406
87 368 406 407
64 368 369 407
42 368 369 406
42 369 406 407
39 369 407 408
6 369 370 408
81 369 370 407
58 370 407 408
75 370 408 409
48 370 371 409
86 370 371 408
27 371 408 409
10 371 409 410
28 371 372 410
56 371 372 409
92 372 409 410
33 372 410 411
89 372 373 411
1 372 373 410
83 373 410 411
81 373 411 412
50 373 374 412
66 373 374 411
4 374 411 412
3 374 412 413
37 374 375 413
62 374 375 412
29 375 412 413
96 375 413 414
31 375 376 414
95 375 376 413
91 376 413 414
27 376 414 415
58 376 377 415
97 376 377 414
39 377 414 415
40 377 415 416
78 377 378 416
40 377 378 415
27 378 415 416
67 378 416 417
37 378 379 417
70 378 379 416
85 379 416 417
81 379 417 418
36 379 380 418
98 379 380 417
83 380 417 418
29 380 418 419
25 380 381 419
75 380 381 418
59 381 418 419
60 381 419 420
65 381 382 420
11 381 382 419
55 382 419 420
85 382 420 421
94 382 383 421
1 382 383 420
32 383 420 421
10 383 421 422
24 383 384 422
15 383 384 421
24 384 421 422
41 384 422 423
96 384 385 423
68 384 385 422
93 385 422 423
22 385 423 424
67 385 386 424
85 385 386 423
17 386 423 424
100 386 424 425
8 386 387 425
62 386 387 424
51 387 424 425
77 387 425 426
29 387 388 426
80 387 388 425
4 388 425 426
59 388 426 427
97 388 389 427
25 388 389 426
12 389 426 427
69 389 427 428
84 389 390 428
51 389 390 427
27 390 427 428
57 390 428 429
5 390 391 429
75 390 391 428
94 391 428 429
29 391 429 430
69 391 392 430
100 391 392 429
24 392 429 430
50 392 430 431
45 392 393 431
25 392 393 430
28 393 430 431
9 393 431 432
95 393 394 432
34 393 394 431
94 394 431 432
18 394 432 433
68 394 395 433
55 394 395 432
57 395 432 433
63 395 433 434
20 395 396 434
60 395 396 433
16 396 433 434
35 396 434 435
56 396 397 435
100 396 397 434
78 397 434 435
15 397 435 436
75 397 398 436
9 397 398 435
81 398 435 436
20 398 436 437
30 398 399 437
84 398 399 436
62 399 436 437
15 400 438 439
85 400 401 439
60 400 401 438
2 401 438 439
82 401 439 440
77 401 402 440
37 401 402 439
39 402 439 440
9 402 440 441
22 402 403 441
82 402 403 440
36 403 440 441
59 403 441 442
2 403 404 442
49 403 404 441
2 404 441 442
35 404 442 443
46 404 405 443
32 404 405 442
33 405 442 443
24 405 443 444
46 405 406 444
61 405 406 443
62 406 443 444
60 406 444 445
40 406 407 445
6 406 407 444
18 407 444 445
17 407 445 446
83 407 408 446
28 407 408 445
8 408 445 446
65 408 446 447
37 408 409 447
99 408 409 446
80 409 446 447
40 409 447 448
57 409 410 448
86 409 410 447
66 410 447 448
49 410 448 449
11 410 411 449
83 410 411 448
96 411 448 449
64 411 449 450
47 411 412 450
19 411 412 449
45 412 449 450
26 412 450 451
60 412 413 451
25 412 413 450
23 413 450 451
57 413 451 452
82 413 414 452
22 413 414 451
56 414 451 452
9 414 452 453
98 414 415 453
33 414 415 452
12 415 452 453
83 415 453 454
93 415 416 454
25 415 416 453
86 416 453 454
64 416 454 455
0 416 417 455
39 416 417 454
51 417 454 455
1 417 455 456
78 417 418 456
25 417 418 455
70 418 455 456
46 418 456 457
17 418 419 457
17 418 419 456
43 419 456 457
29 419 457 458
40 419 420 458
14 419 420 457
5 420 457 458
8 420 458 459
78 420 421 459
44 420 421 458
88 421 458 459
48 421 459 460
51 421 422 460
26 421 422 459
26 422 459 460
61 422 460 461
87 422 423 461
12 422 423 460
8 423 460 461
47 423 461 462
24 423 424 462
88 423 424 461
62 424 461 462
93 424 462 463
79 424 425 463
83 424 425 462
31 425 462 463
44 425 463 464
99 425 426 464
74 425 426 463
51 426 463 464
5 426 464 465
78 426 427 465
45 426 427 464
81 427 464 465
66 427 465 466
86 427 428 466
26 427 428 465
34 428 465 466
3 428 466 467
35 428 429 467
56 428 429 466
82 429 466 467
26 429 467 468
95 429 430 468
11 429 430 467
99 430 467 468
90 430 468 469
72 430 431 469
82 430 431 468
29 431 468 469
19 431 469 470
44 431 432 470
57 431 432 469
69 432 469 470
69 432 470 471
92 432 433 471
80 432 433 470
31 433 470 471
29 433 471 472
12 433 434 472
96 433 434 471
29 434 471 472
27 434 472 473
38 434 435 473
12 434 435 472
18 435 472 473
75 435 473 474
53 435 436 474
95 435 436 473
62 436 473 474
66 436 474 475
46 436 437 475
19 436 437 474
59 437 474 475
82 438 476 477
82 438 439 477
79 438 439 476
70 439 476 477
20 439 477 478
58 439 440 478
32 439 440 477
66 440 477 478
14 440 478 479
93 440 441 479
45 440 441 478
12 441 478 479
97 441 479 480
48 441 442 480
65 441 442 479
10 442 479 480
49 442 480 481
6 442 443 481
42 442 443 480
77 443 480 481
61 443 481 482
100 443 444 482
86 443 444 481
35 444 481 482
82 444 482 483
74 444 445 483
93 444 445 482
55 445 482 483
84 445 483 484
85 445 446 484
86 445 446 483
58 446 483 484
76 446 484 485
24 446 447 485
56 446 447 484
4 447 484 485
61 447 485 486
91 447 448 486
25 447 448 485
99 448 485 486
94 448 486 487
50 448 449 487
59 448 449 486
100 449 486 487
64 449 487 488
5 449 450 488
64 449 450 487
34 450 487 488
11 450 488 489
3 450 451 489
59 450 451 488
4 451 488 489
68 451 489 490
73 451 452 490
77 451 452 489
96 452 489 490
100 452 490 491
56 452 453 491
5 452 453 490
22 453 490 491
32 453 491 492
72 453 454 492
61 453 454 491
89 454 491 492
39 454 492 493
61 454 455 493
90 454 455 492
57 455 492 493
45 455 493 494
36 455 456 494
68 455 456 493
81 456 493 494
54 456 494 495
5 456 457 495
94 456 457 494
7 457 494 495
98 457 495 496
86 457 458 496
28 457 458 495
1 458 495 496
70 458 496 497
63 458 459 497
97 458 459 496
13 459 496 497
34 459 497 498
91 459 460 498
44 459 460 497
99 460 497 498
89 460 498 499
69 460 461 499
6 460 461 498
66 461 498 499
35 461 499 500
80 461 462 500
86 461 462 499
17 462 499 500
87 462 500 501
62 462 463 501
9 462 463 500
69 463 500 501
68 463 501 502
23 463 464 502
33 463 464 501
9 464 501 502
68 464 502 503
90 464 465 503
75 464 465 502
88 465 502 503
91 465 503 504
59 465 466 504
97 465 466 503
1 466 503 504
13 466 504 505
33 466 467 505
16 466 467 504
99 467 504 505
99 467 505 506
45 467 468 506
11 467 468 505
43 468 505 506
68 468 506 507
56 468 469 507
26 468 469 506
4 469 506 507
20 469 507 508
51 469 470 508
5 469 470 507
39 470 507 508
59 470 508 509
57 470 471 509
75 470 471 508
1 471 508 509
71 471 509 510
20 471 472 510
98 471 472 509
79 472 509 510
24 472 510 511
68 472 473 511
94 472 473 510
55 473 510 511
9 473 511 512
31 473 474 512
61 473 474 511
54 474 511 512
94 474 512 513
11 474 475 513
30 474 475 512
77 475 512 513
49 476 514 515
71 476 477 515
68 476 477 514
61 477 514 515
80 477 515 516
56 477 478 516
84 477 478 515
24 478 515 516
71 478 516 517
28 478 479 517
77 478 479 516
50 479 516 517
71 479 517 518
54 479 480 518
41 479 480 517
73 480 517 518
75 480 518 519
77 480 481 519
23 480 481 518
71 481 518 519
74 481 519 520
53 481 482 520
43 481 482 519
69 482 519 520
81 482 520 521
74 482 483 521
49 482 483 520
57 483 520 521
0 483 521 522
76 483 484 522
20 483 484 521
77 484 521 522
75 484 522 523
78 484 485 523
86 484 485 522
38 485 522 523
57 485 523 524
84 485 486 524
50 485 486 523
50 486 523 524
17 486 524 525
64 486 487 525
71 486 487 524
20 487 524 525
89 487 525 526
82 487 488 526
65 487 488 525
11 488 525 526
21 488 526 527
82 488 489 527
8 488 489 526
90 489 526 527
95 489 527 528
50 489 490 528
78 489 490 527
22 490 527 528
96 490 528 529
37 490 491 529
70 490 491 528
20 491 528 529
76 491 529 530
2 491 492 530
43 491 492 529
33 492 529 530
88 492 530 531
47 492 493 531
76 492 493 530
49 493 530 531
45 493 531 532
50 493 494 532
44 493 494 531
30 494 531 532
31 494 532 533
2 494 495 533
72 494 495 532
83 495 532 533
16 495 533 534
90 495 496 534
28 495 496 533
1 496 533 534
68 496 534 535
60 496 497 535
26 496 497 534
56 497 534 535
0 497 535 536
51 497 498 536
91 497 498 535
65 498 535 536
18 498 536 537
89 498 499 537
53 498 499 536
81 499 536 537
13 499 537 538
24 499 500 538
64 499 500 537
47 500 537 538
12 500 538 539
10 500 501 539
35 500 501 538
97 501 538 539
39 501 539 540
64 501 502 540
49 501 502 539
84 502 539 540
9 502 540 541
94 502 503 541
10 502 503 540
86 503 540 541
2 503 541 542
33 503 504 542
27 503 504 541
82 504 541 542
46 504 542 543
50 504 505 543
100 504 505 542
15 505 542 543
49 505 543 544
10 505 506 544
26 505 506 543
83 506 543 544
30 506 544 545
71 506 507 545
40 506 507 544
79 507 544 545
96 507 545 546
86 507 508 546
13 507 508 545
39 508 545 546
52 508 546 547
48 508 509 547
66 508 509 546
55 509 546 547
79 509 547 548
62 509 510 548
41 509 510 547
7 510 547 548
99 510 548 549
38 510 511 549
0 510 511 548
51 511 548 549
19 511 549 550
51 511 512 550
12 511 512 549
44 512 549 550
13 512 550 551
26 512 513 551
45 512 513 550
8 513 550 551
86 514 552 553
24 514 515 553
8 514 515 552
30 515 552 553
90 515 553 554
5 515 516 554
6 515 516 553
27 516 553 554
19 516 554 555
83 516 517 555
86 516 517 554
24 517 554 555
80 517 555 556
88 517 518 556
29 517 518 555
43 518 555 556
89 518 556 557
72 518 519 557
90 518 519 556
33 519 556 557
27 519 557 558
94 519 520 558
51 519 520 557
83 520 557 558
62 520 558 559
21 520 521 559
72 520 521 558
12 521 558 559
26 521 559 560
93 521 522 560
78 521 522 559
52 522 559 560
83 522 560 561
66 522 523 561
49 522 523 560
94 523 560 561
100 523 561 562
57 523 524 562
50 523 524 561
81 524 561 562
60 524 562 563
47 524 525 563
25 524 525 562
20 525 562 563
41 525 563 564
4 525 526 564
43 525 526 563
22 526 563 564
72 526 564 565
97 526 527 565
27 526 527 564
32 527 564 565
60 527 565 566
99 527 528 566
62 527 528 565
31 528 565 566
36 528 566 567
37 528 529 567
42 528 529 566
0 529 566 567
61 529 567 568
42 529 530 568
82 529 530 567
29 530 567 568
34 530 568 569
22 530 531 569
60 530 531 568
97 531 568 569
49 531 569 570
20 531 532 570
0 531 532 569
69 532 569 570
44 532 570 571
11 532 533 571
62 532 533 570
60 533 570 571
12 533 571 572
6 533 534 572
1 533 534 571
28 534 571 572
91 534 572 573
4 534 535 573
73 534 535 572
86 535 572 573
97 535 573 574
41 535 536 574
60 535 536 573
71 536 573 574
100 536 574 575
95 536 537 575
10 536 537 574
62 537 574 575
2 537 575 576
66 537 538 576
2 537 538 575
93 538 575 576
98 538 576 577
86 538 539 577
76 538 539 576
62 539 576 577
98 539 577 578
53 539 540 578
94 539 540 577
82 540 577 578
37 540 578 579
97 540 541 579
98 540 541 578
98 541 578 579
13 541 579 580
12 541 542 580
35 541 542 579
56 542 579 580
12 542 580 581
89 542 543 581
75 542 543 580
41 543 580 581
26 543 581 582
19 543 544 582
65 543 544 581
88 544 581 582
50 544 582 583
76 544 545 583
89 544 545 582
39 545 582 583
6 545 583 584
2 545 546 584
85 545 546 583
78 546 583 584
55 546 584 585
55 546 547 585
92 546 547 584
80 547 584 585
6 547 585 586
32 547 548 586
58 547 548 585
7 548 585 586
12 548 586 587
63 548 549 587
97 548 549 586
33 549 586 587
87 549 587 588
96 549 550 588
22 549 550 587
89 550 587 588
34 550 588 589
77 550 551 589
83 550 551 588
76 551 588 589
14 552 590 591
9 552 553 591
97 552 553 590
3 553 590 591
73 553 591 592
83 553 554 592
31 553 554 591
65 554 591 592
96 554 592 593
20 554 555 593
79 554 555 592
26 555 592 593
15 555 593 594
34 555 556 594
30 555 556 593
42 556 593 594
48 556 594 595
21 556 557 595
97 556 557 594
41 557 594 595
60 557 595 596
15 557 558 596
22 557 558 595
99 558 595 596
21 558 596 597
17 558 559 597
21 558 559 596
31 559 596 597
75 559 597 598
57 559 560 598
44 559 560 597
31 560 597 598
84 560 598 599
51 560 561 599
84 560 561 598
68 561 598 599
92 561 599 600
49 561 562 600
80 561 562 599
34 562 599 600
84 562 600 601
76 562 563 601
83 562 563 600
26 563 600 601
61 563 601 602
17 563 564 602
86 563 564 601
64 564 601 602
24 564 602 603
35 564 565 603
10 564 565 602
7 565 602 603
92 565 603 604
93 565 566 604
20 565 566 603
3 566 603 604
22 566 604 605
98 566 567 605
62 566 567 604
11 567 604 605
36 567 605 606
61 567 568 606
84 567 568 605
8 568 605 606
97 568 606 607
6 568 569 607
86 568 569 606
15 569 606 607
34 569 607 608
32 569 570 608
23 569 570 607
85 570 607 608
20 570 608 609
44 570 571 609
46 570 571 608
85 571 608 609
88 571 609 610
91 571 572 610
1 571 572 609
2 572 609 610
43 572 610 611
31 572 573 611
74 572 573 610
99 573 610 611
41 573 611 612
81 573 574 612
37 573 574 611
4 574 611 612
13 574 612 613
1 574 575 613
33 574 575 612
29 575 612 613
81 575 613 614
33 575 576 614
90 575 576 613
13 576 613 614
85 576 614 615
90 576 577 615
58 576 577 614
56 577 614 615
63 577 615 616
97 577 578 616
43 577 578 615
59 578 615 616
16 578 616 617
66 578 579 617
53 578 579 616
59 579 616 617
71 579 617 618
10 579 580 618
63 579 580 617
94 580 617 618
59 580 618 619
96 580 581 619
63 580 581 618
16 581 618 619
84 581 619 620
0 581 582 620
19 581 582 619
42 582 619 620
12 582 620 621
1 582 583 621
56 582 583 620
73 583 620 621
92 583 621 622
70 583 584 622
30 583 584 621
71 584 621 622
61 584 622 623
55 584 585 623
57 584 585 622
15 585 622 623
12 585 623 624
98 585 586 624
23 585 586 623
59 586 623 624
9 586 624 625
32 586 587 625
69 586 587 624
87 587 624 625
85 587 625 626
5 587 588 626
33 587 588 625
90 588 625 626
17 588 626 627
10 588 589 627
98 588 589 626
7 589 626 627
56 590 628 629
55 590 591 629
84 590 591 628
53 591 628 629
4 591 629 630
70 591 592 630
92 591 592 629
49 592 629 630
92 592 630 631
88 592 593 631
25 592 593 630
31 593 630 631
69 593 631 632
8 593 594 632
29 593 594 631
27 594 631 632
70 594 632 633
97 594 595 633
54 594 595 632
82 595 632 633
61 595 633 634
4 595 596 634
78 595 596 633
26 596 633 634
29 596 634 635
63 596 597 635
30 596 597 634
27 597 634 635
69 597 635 636
4 597 598 636
83 597 598 635
60 598 635 636
67 598 636 637
16 598 599 637
10 598 599 636
66 599 636 637
1 599 637 638
84 599 600 638
7 599 600 637
20 600 637 638
11 600 638 639
73 600 601 639
13 600 601 638
12 601 638 639
86 601 639 640
15 601 602 640
68 601 602 639
81 602 639 640
92 602 640 641
73 602 603 641
46 602 603 640
92 603 640 641
31 603 641 642
94 603 604 642
4 603 604 641
44 604 641 642
36 604 642 643
63 604 605 643
78 604 605 642
52 605 642 643
3 605 643 644
87 605 606 644
91 605 606 643
45 606 643 644
100 606 644 645
36 606 607 645
10 606 607 644
22 607 644 645
89 607 645 646
51 607 608 646
93 607 608 645
72 608 645 646
84 608 646 647
54 608 609 647
65 608 609 646
46 609 646 647
44 609 647 648
69 609 610 648
2 609 610 647
66 610 647 648
4 610 648 649
7 610 611 649
87 610 611 648
44 611 648 649
5 611 649 650
27 611 612 650
66 611 612 649
48 612 649 650
84 612 650 651
28 612 613 651
2 612 613 650
21 613 650 651
81 613 651 652
2 613 614 652
64 613 614 651
8 614 651 652
83 614 652 653
27 614 615 653
74 614 615 652
100 615 652 653
63 615 653 654
41 615 616 654
83 615 616 653
27 616 653 654
33 616 654 655
80 616 617 655
77 616 617 654
76 617 654 655
46 617 655 656
26 617 618 656
13 617 618 655
29 618 655 656
60 618 656 657
42 618 619 657
82 618 619 656
0 619 656 657
54 619 657 658
39 619 620 658
32 619 620 657
49 620 657 658
52 620 658 659
36 620 621 659
30 620 621 658
100 621 658 659
21 621 659 660
74 621 622 660
15 621 622 659
71 622 659 660
9 622 660 661
55 622 623 661
95 622 623 660
44 623 660 661
95 623 661 662
27 623 624 662
85 623 624 661
10 624 661 662
66 624 662 663
46 624 625 663
38 624 625 662
16 625 662 663
46 625 663 664
95 625 626 664
93 625 626 663
94 626 663 664
76 626 664 665
78 626 627 665
71 626 627 664
34 627 664 665
57 628 666 667
38 628 629 667
82 628 629 666
59 629 666 667
0 629 667 668
98 629 630 668
20 629 630 667
35 630 667 668
33 630 668 669
49 630 631 669
23 630 631 668
43 631 668 669
91 631 669 670
41 631 632 670
12 631 632 669
7 632 669 670
14 632 670 671
75 632 633 671
21 632 633 670
77 633 670 671
16 633 671 672
65 633 634 672
23 633 634 671
37 634 671 672
27 634 672 673
44 634 635 673
85 634 635 672
25 635 672 673
72 635 673 674
31 635 636 674
87 635 636 673
31 636 673 674
93 636 674 675
28 636 637 675
12 636 637 674
71 637 674 675
32 637 675 676
60 637 638 676
83 637 638 675
100 638 675 676
73 638 676 677
49 638 639 677
30 638 639 676
46 639 676 677
8 639 677 678
13 639 640 678
75 639 640 677
19 640 677 678
80 640 678 679
46 640 641 679
90 640 641 678
81 641 678 679
20 641 679 680
17 641 642 680
41 641 642 679
55 642 679 680
45 642 680 681
56 642 643 681
84 642 643 680
78 643 680 681
52 643 681 682
31 643 644 682
72 643 644 681
43 644 681 682
47 644 682 683
32 644 645 683
13 644 645 682
39 645 682 683
3 645 683 684
78 645 646 684
28 645 646 683
48 646 683 684
88 646 684 685
75 646 647 685
87 646 647 684
34 647 684 685
39 647 685 686
54 647 648 686
60 647 648 685
70 648 685 686
12 648 686 687
27 648 649 687
38 648 649 686
58 649 686 687
24 649 687 688
68 649 650 688
2 649 650 687
68 650 687 688
48 650 688 689
36 650 651 689
95 650 651 688
32 651 688 689
5 651 689 690
22 651 652 690
32 651 652 689
37 652 689 690
59 652 690 691
84 652 653 691
6 652 653 690
10 653 690 691
92 653 691 692
16 653 654 692
23 653 654 691
7 654 691 692
77 654 692 693
36 654 655 693
94 654 655 692
5 655 692 693
82 655 693 694
97 655 656 694
10 655 656 693
100 656 693 694
41 656 694 695
93 656 657 695
8 656 657 694
18 657 694 695
24 657 695 696
4 657 658 696
53 657 658 695
16 658 695 696
94 658 696 697
68 658 659 697
59 658 659 696
2 659 696 697
0 659 697 698
43 659 660 698
64 659 660 697
25 660 697 698
73 660 698 699
42 660 661 699
63 660 661 698
98 661 698 699
53 661 699 700
41 661 662 700
8 661 662 699
4 662 699 700
98 662 700 701
32 662 663 701
68 662 663 700
7 663 700 701
35 663 701 702
99 663 664 702
66 663 664 701
66 664 701 702
26 664 702 703
70 664 665 703
62 664 665 702
45 665 702 703
73 666 704 705
80 666 667 705
54 666 667 704
36 667 704 705
44 667 705 706
3 667 668 706
55 667 668 705
44 668 705 706
61 668 706 707
5 668 669 707
90 668 669 706
0 669 706 707
38 669 707 708
56 669 670 708
16 669 670 707
5 670 707 708
65 670 708 709
86 670 671 709
72 670 671 708
24 671 708 709
66 671 709 710
59 671 672 710
17 671 672 709
3 672 709 710
36 672 710 711
78 672 673 711
37 672 673 710
67 673 710 711
75 673 711 712
67 673 674 712
47 673 674 711
47 674 711 712
70 674 712 713
50 674 675 713
62 674 675 712
7 675 712 713
67 675 713 714
51 675 676 714
23 675 676 713
9 676 713 714
28 676 714 715
60 676 677 715
22 676 677 714
4 677 714 715
33 677 715 716
77 677 678 716
4 677 678 715
61 678 715 716
42 678 716 717
66 678 679 717
82 678 679 716
88 679 716 717
43 679 717 718
30 679 680 718
82 679 680 717
62 680 717 718
77 680 718 719
49 680 681 719
25 680 681 718
36 681 718 719
20 681 719 720
42 681 682 720
84 681 682 719
78 682 719 720
48 682 720 721
10 682 683 721
46 682 683 720
71 683 720 721
68 683 721 722
53 683 684 722
40 683 684 721
37 684 721 722
82 684 722 723
87 684 685 723
45 684 685 722
6 685 722 723
42 685 723 724
50 685 686 724
86 685 686 723
29 686 723 724
44 686 724 725
42 686 687 725
62 686 687 724
55 687 724 725
37 687 725 726
72 687 688 726
59 687 688 725
54 688 725 726
16 688 726 727
66 688 689 727
21 688 689 726
35 689 726 727
54 689 727 728
55 689 690 728
69 689 690 727
43 690 727 728
10 690 728 729
100 690 691 729
13 690 691 728
19 691 728 729
54 691 729 730
37 691 692 730
69 691 692 729
26 692 729 730
87 692 730 731
71 692 693 731
43 692 693 730
33 693 730 731
71 693 731 732
78 693 694 732
18 693 694 731
70 694 731 732
62 694 732 733
70 694 695 733
5 694 695 732
70 695 732 733
60 695 733 734
79 695 696 734
48 695 696 733
34 696 733 734
51 696 734 735
47 696 697 735
9 696 697 734
57 697 734 735
40 697 735 736
65 697 698 736
65 697 698 735
3 698 735 736
61 698 736 737
1 698 699 737
11 698 699 736
80 699 736 737
47 699 737 738
27 699 700 738
21 699 700 737
67 700 737 738
48 700 738 739
52 700 701 739
78 700 701 738
90 701 738 739
23 701 739 740
26 701 702 740
9 701 702 739
68 702 739 740
4 702 740 741
21 702 703 741
72 702 703 740
17 703 740 741
41 704 742 743
90 704 705 743
48 704 705 742
83 705 742 743
67 705 743 744
25 705 706 744
88 705 706 743
90 706 743 744
31 706 744 745
61 706 707 745
61 706 707 744
62 707 744 745
68 707 745 746
96 707 708 746
73 707 708 745
50 708 745 746
56 708 746 747
48 708 709 747
47 708 709 746
65 709 746 747
80 709 747 748
35 709 710 748
9 709 710 747
92 710 747 748
70 710 748 749
6 710 711 749
10 710 711 748
26 711 748 749
71 711 749 750
87 711 712 750
37 711 712 749
75 712 749 750
80 712 750 751
14 712 713 751
100 712 713 750
38 713 750 751
85 713 751 752
81 713 714 752
67 713 714 751
99 714 751 752
65 714 752 753
24 714 715 753
35 714 715 752
1 715 752 753
14 715 753 754
28 715 716 754
36 715 716 753
49 716 753 754
3 716 754 755
46 716 717 755
71 716 717 754
73 717 754 755
91 717 755 756
5 717 718 756
39 717 718 755
5 718 755 756
50 718 756 757
70 718 719 757
79 718 719 756
59 719 756 757
98 719 757 758
91 719 720 758
95 719 720 757
57 720 757 758
23 720 758 759
46 720 721 759
77 720 721 758
21 721 758 759
70 721 759 760
74 721 722 760
88 721 722 759
75 722 759 760
83 722 760 761
21 722 723 761
61 722 723 760
24 723 760 761
92 723 761 762
27 723 724 762
12 723 724 761
68 724 761 762
84 724 762 763
18 724 725 763
85 724 725 762
59 725 762 763
45 725 763 764
38 725 726 764
50 725 726 763
13 726 763 764
59 726 764 765
19 726 727 765
37 726 727 764
69 727 764 765
67 727 765 766
17 727 728 766
16 727 728 765
17 728 765 766
95 728 766 767
78 728 729 767
45 728 729 766
65 729 766 767
0 729 767 768
100 729 730 768
38 729 730 767
7 730 767 768
98 730 768 769
75 730 731 769
100 730 731 768
80 731 768 769
54 731 769 770
27 731 732 770
85 731 732 769
87 732 769 770
9 732 770 771
58 732 733 771
78 732 733 770
48 733 770 771
14 733 771 772
58 733 734 772
60 733 734 771
58 734 771 772
64 734 772 773
65 734 735 773
48 734 735 772
65 735 772 773
99 735 773 774
16 735 736 774
65 735 736 773
85 736 773 774
44 736 774 775
80 736 737 775
77 736 737 774
35 737 774 775
87 737 775 776
16 737 738 776
87 737 738 775
57 738 775 776
15 738 776 777
85 738 739 777
40 738 739 776
69 739 776 777
36 739 777 778
27 739 740 778
2 739 740 777
29 740 777 778
39 740 778 779
83 740 741 779
51 740 741 778
92 741 778 779
24 742 780 781
54 742 743 781
71 742 743 780
71 743 780 781
91 743 781 782
34 743 744 782
12 743 744 781
39 744 781 782
60 744 782 783
65 744 745 783
4 744 745 782
36 745 782 783
30 745 783 784
58 745 746 784
27 745 746 783
54 746 783 784
9 746 784 785
56 746 747 785
24 746 747 784
72 747 784 785
97 747 785 786
60 747 748 786
80 747 748 785
74 748 785 786
69 748 786 787
9 748 749 787
57 748 749 786
48 749 786 787
53 749 787 788
87 749 750 788
87 749 750 787
7 750 787 788
53 750 788 789
41 750 751 789
32 750 751 788
0 751 788 789
51 751 789 790
48 751 752 790
63 751 752 789
3 752 789 790
70 752 790 791
4 752 753 791
14 752 753 790
93 753 790 791
67 753 791 792
41 753 754 792
81 753 754 791
56 754 791 792
9 754 792 793
34 754 755 793
99 754 755 792
11 755 792 793
93 755 793 794
43 755 756 794
62 755 756 793
86 756 793 794
17 756 794 795
57 756 757 795
9 756 757 794
6 757 794 795
35 757 795 796
54 757 758 796
68 757 758 795
98 758 795 796
69 758 796 797
53 758 759 797
48 758 759 796
54 759 796 797
89 759 797 798
7 759 760 798
75 759 760 797
82 760 797 798
67 760 798 799
23 760 761 799
80 760 761 798
14 761 798 799
50 761 799 800
12 761 762 800
85 761 762 799
86 762 799 800
82 762 800 801
95 762 763 801
89 762 763 800
72 763 800 801
64 763 801 802
55 763 764 802
9 763 764 801
38 764 801 802
16 764 802 803
83 764 765 803
6 764 765 802
92 765 802 803
16 765 803 804
44 765 766 804
29 765 766 803
30 766 803 804
20 766 804 805
78 766 767 805
23 766 767 804
1 767 804 805
58 767 805 806
10 767 768 806
57 767 768 805
17 768 805 806
78 768 806 807
99 768 769 807
57 768 769 806
38 769 806 807
21 769 807 808
23 769 770 808
1 769 770 807
80 770 807 808
7 770 808 809
88 770 771 809
48 770 771 808
34 771 808 809
94 771 809 810
84 771 772 810
76 771 772 809
69 772 809 810
78 772 810 811
9 772 773 811
23 772 773 810
32 773 810 811
4 773 811 812
80 773 774 812
50 773 774 811
96 774 811 812
85 774 812 813
90 774 775 813
93 774 775 812
83 775 812 813
77 775 813 814
6 775 776 814
60 775 776 813
41 776 813 814
10 776 814 815
100 776 777 815
92 776 777 814
99 777 814 815
8 777 815 816
13 777 778 816
15 777 778 815
69 778 815 816
87 778 816 817
16 778 779 817
22 778 779 816
19 779 816 817
82 780 818 819
33 780 781 819
80 780 781 818
91 781 818 819
15 781 819 820
54 781 782 820
64 781 782 819
28 782 819 820
77 782 820 821
93 782 783 821
89 782 783 820
20 783 820 821
23 783 821 822
69 783 784 822
91 783 784 821
15 784 821 822
26 784 822 823
96 784 785 823
98 784 785 822
44 785 822 823
75 785 823 824
6 785 786 824
100 785 786 823
99 786 823 824
26 786 824 825
30 786 787 825
63 786 787 824
9 787 824 825
69 787 825 826
29 787 788 826
64 787 788 825
97 788 825 826
52 788 826 827
69 788 789 827
62 788 789 826
97 789 826 827
87 789 827 828
3 789 790 828
4 789 790 827
95 790 827 828
80 790 828 829
88 790 791 829
63 790 791 828
85 791 828 829
82 791 829 830
48 791 792 830
74 791 792 829
90 792 829 830
20 792 830 831
52 792 793 831
71 792 793 830
80 793 830 831
95 793 831 832
14 793 794 832
54 793 794 831
54 794 831 832
61 794 832 833
92 794 795 833
11 794 795 832
75 795 832 833
38 795 833 834
46 795 796 834
72 795 796 833
42 796 833 834
89 796 834 835
5 796 797 835
77 796 797 834
65 797 834 835
45 797 835 836
48 797 798 836
29 797 798 835
91 798 835 836
33 798 836 837
14 798 799 837
24 798 799 836
53 799 836 837
3 799 837 838
67 799 800 838
46 799 800 837
42 800 837 838
53 800 838 839
42 800 801 839
78 800 801 838
27 801 838 839
26 801 839 840
15 801 802 840
64 801 802 839
3 802 839 840
29 802 840 841
90 802 803 841
21 802 803 840
18 803 840 841
45 803 841 842
12 803 804 842
3 803 804 841
26 804 841 842
37 804 842 843
81 804 805 843
21 804 805 842
5 805 842 843
71 805 843 844
87 805 806 844
12 805 806 843
65 806 843 844
19 806 844 845
18 806 807 845
14 806 807 844
0 807 844 845
84 807 845 846
7 807 808 846
84 807 808 845
52 808 845 846
53 808 846 847
68 808 809 847
85 808 809 846
63 809 846 847
11 809 847 848
85 809 810 848
27 809 810 847
10 810 847 848
18 810 848 849
52 810 811 849
67 810 811 848
74 811 848 849
60 811 849 850
78 811 812 850
86 811 812 849
29 812 849 850
24 812 850 851
84 812 813 851
66 812 813 850
12 813 850 851
44 813 851 852
86 813 814 852
96 813 814 851
8 814 851 852
25 814 852 853
60 814 815 853
34 814 815 852
36 815 852 853
3 815 853 854
71 815 816 854
55 815 816 853
42 816 853 854
33 816 854 855
25 816 817 855
39 816 817 854
58 817 854 855
91 818 856 857
31 818 819 857
71 818 819 856
35 819 856 857
89 819 857 858
1 819 820 858
75 819 820 857
8 820 857 858
19 820 858 859
12 820 821 859
13 820 821 858
65 821 858 859
1 821 859 860
88 821 822 860
58 821 822 859
34 822 859 860
8 822 860 861
76 822 823 861
98 822 823 860
84 823 860 861
60 823 861 862
85 823 824 862
80 823 824 861
37 824 861 862
68 824 862 863
6 824 825 863
28 824 825 862
42 825 862 863
13 825 863 864
2 825 826 864
66 825 826 863
65 826 863 864
95 826 864 865
16 826 827 865
40 826 827 864
16 827 864 865
21 827 865 866
2 827 828 866
86 827 828 865
77 828 865 866
35 828 866 867
53 828 829 867
32 828 829 866
97 829 866 867
88 829 867 868
35 829 830 868
37 829 830 867
82 830 867 868
81 830 868 869
58 830 831 869
57 830 831 868
1 831 868 869
54 831 869 870
81 831 832 870
8 831 832 869
55 832 869 870
76 832 870 871
52 832 833 871
76 832 833 870
57 833 870 871
36 833 871 872
32 833 834 872
34 833 834 871
85 834 871 872
61 834 872 873
43 834 835 873
23 834 835 872
87 835 872 873
54 835 873 874
67 835 836 874
44 835 836 873
92 836 873 874
61 836 874 875
35 836 837 875
82 836 837 874
10 837 874 875
50 837 875 876
23 837 838 876
48 837 838 875
88 838 875 876
38 838 876 877
51 838 839 877
54 838 839 876
23 839 876 877
16 839 877 878
79 839 840 878
69 839 840 877
13 840 877 878
78 840 878 879
24 840 841 879
34 840 841 878
24 841 878 879
92 841 879 880
56 841 842 880
84 841 842 879
24 842 879 880
4 842 880 881
15 842 843 881
53 842 843 880
39 843 880 881
2 843 881 882
73 843 844 882
13 843 844 881
2 844 881 882
70 844 882 883
80 844 845 883
47 844 845 882
66 845 882 883
31 845 883 884
6 845 846 884
1 845 846 883
16 846 883 884
80 846 884 885
12 846 847 885
37 846 847 884
67 847 884 885
42 847 885 886
19 847 848 886
4 847 848 885
63 848 885 886
85 848 886 887
18 848 849 887
16 848 849 886
48 849 886 887
42 849 887 888
53 849 850 888
85 849 850 887
61 850 887 888
2 850 888 889
56 850 851 889
91 850 851 888
70 851 888 889
54 851 889 890
92 851 852 890
0 851 852 889
82 852 889 890
66 852 890 891
53 852 853 891
45 852 853 890
13 853 890 891
98 853 891 892
0 853 854 892
92 853 854 891
29 854 891 892
21 854 892 893
88 854 855 893
35 854 855 892
7 855 892 893
66 856 894 895
95 856 857 895
82 856 857 894
15 857 894 895
94 857 895 896
15 857 858 896
45 857 858 895
58 858 895 896
45 858 896 897
22 858 859 897
92 858 859 896
9 859 896 897
88 859 897 898
64 859 860 898
5 859 860 897
20 860 897 898
44 860 898 899
96 860 861 899
13 860 861 898
48 861 898 899
31 861 899 900
2 861 862 900
82 861 862 899
97 862 899 900
39 862 900 901
51 862 863 901
78 862 863 900
31 863 900 901
28 863 901 902
81 863 864 902
69 863 864 901
74 864 901 902
53 864 902 903
29 864 865 903
0 864 865 902
4 865 902 903
11 865 903 904
43 865 866 904
42 865 866 903
51 866 903 904
37 866 904 905
65 866 867 905
74 866 867 904
50 867 904 905
35 867 905 906
31 867 868 906
56 867 868 905
85 868 905 906
82 868 906 907
74 868 869 907
82 868 869 906
68 869 906 907
79 869 907 908
6 869 870 908
49 869 870 907
79 870 907 908
73 870 908 909
33 870 871 909
23 870 871 908
60 871 908 909
91 871 909 910
91 871 872 910
77 871 872 909
95 872 909 910
59 872 910 911
92 872 873 911
58 872 873 910
7 873 910 911
78 873 911 912
11 873 874 912
53 873 874 911
4 874 911 912
69 874 912 913
97 874 875 913
22 874 875 912
36 875 912 913
92 875 913 914
23 875 876 914
78 875 876 913
77 876 913 914
15 876 914 915
42 876 877 915
63 876 877 914
65 877 914 915
59 877 915 916
44 877 878 916
47 877 878 915
79 878 915 916
71 878 916 917
79 878 879 917
16 878 879 916
5 879 916 917
88 879 917 918
98 879 880 918
47 879 880 917
100 880 917 918
65 880 918 919
60 880 881 919
48 880 881 918
90 881 918 919
24 881 919 920
56 881 882 920
86 881 882 919
13 882 919 920
31 882 920 921
19 882 883 921
26 882 883 920
34 883 920 921
72 883 921 922
76 883 884 922
41 883 884 921
9 884 921 922
45 884 922 923
38 884 885 923
50 884 885 922
47 885 922 923
39 885 923 924
71 885 886 924
72 885 886 923
12 886 923 924
52 886 924 925
79 886 887 925
30 886 887 924
11 887 924 925
39 887 925 926
40 887 888 926
0 887 888 925
30 888 925 926
8 888 926 927
33 888 889 927
52 888 889 926
77 889 926 927
85 889 927 928
55 889 890 928
96 889 890 927
77 890 927 928
27 890 928 929
56 890 891 929
54 890 891 928
22 891 928 929
78 891 929 930
33 891 892 930
44 891 892 929
97 892 929 930
98 892 930 931
94 892 893 931
69 892 893 930
32 893 930 931
24 894 932 933
91 894 895 933
52 894 895 932
80 895 932 933
100 895 933 934
96 895 896 934
23 895 896 933
89 896 933 934
79 896 934 935
75 896 897 935
93 896 897 934
19 897 934 935
54 897 935 936
23 897 898 936
43 897 898 935
72 898 935 936
37 898 936 937
2 898 899 937
84 898 899 936
10 899 936 937
42 899 937 938
0 899 900 938
89 899 900 937
3 900 937 938
99 900 938 939
93 900 901 939
49 900 901 938
99 901 938 939
89 901 939 940
40 901 902 940
61 901 902 939
88 902 939 940
98 902 940 941
70 902 903 941
66 902 903 940
95 903 940 941
13 903 941 942
4 903 904 942
50 903 904 941
66 904 941 942
6 904 942 943
65 904 905 943
29 904 905 942
61 905 942 943
98 905 943 944
53 905 906 944
5 905 906 943
75 906 943 944
86 906 944 945
62 906 907 945
23 906 907 944
0 907 944 945
32 907 945 946
30 907 908 946
29 907 908 945
66 908 945 946
65 908 946 947
79 908 909 947
92 908 909 946
43 909 946 947
72 909 947 948
40 909 910 948
20 909 910 947
75 910 947 948
11 910 948 949
10 910 911 949
15 910 911 948
85 911 948 949
77 911 949 950
88 911 912 950
98 911 912 949
77 912 949 950
49 912 950 951
5 912 913 951
55 912 913 950
9 913 950 951
24 913 951 952
32 913 914 952
7 913 914 951
80 914 951 952
16 914 952 953
13 914 915 953
75 914 915 952
17 915 952 953
17 915 953 954
44 915 916 954
8 915 916 953
37 916 953 954
41 916 954 955
76 916 917 955
38 916 917 954
86 917 954 955
8 917 955 956
47 917 918 956
96 917 918 955
17 918 955 956
57 918 956 957
64 918 919 957
30 918 919 956
47 919 956 957
37 919 957 958
95 919 920 958
41 919 920 957
15 920 957 958
28 920 958 959
79 920 921 959
80 920 921 958
16 921 958 959
58 921 959 960
59 921 922 960
56 921 922 959
48 922 959 960
87 922 960 961
71 922 923 961
70 922 923 960
21 923 960 961
30 923 961 962
91 923 924 962
52 923 924 961
80 924 961 962
47 924 962 963
76 924 925 963
16 924 925 962
73 925 962 963
21 925 963 964
10 925 926 964
30 925 926 963
73 926 963 964
68 926 964 965
97 926 927 965
1 926 927 964
98 927 964 965
7 927 965 966
74 927 928 966
72 927 928 965
23 928 965 966
70 928 966 967
5 928 929 967
14 928 929 966
97 929 966 967
53 929 967 968
87 929 930 968
78 929 930 967
75 930 967 968
55 930 968 969
53 930 931 969
54 930 931 968
53 931 968 969
72 932 970 971
17 932 933 971
77 932 933 970
92 933 970 971
54 933 971 972
43 933 934 972
93 933 934 971
80 934 971 972
61 934 972 973
44 934 935 973
42 934 935 972
9 935 972 973
75 935 973 974
61 935 936 974
15 935 936 973
68 936 973 974
86 936 974 975
84 936 937 975
20 936 937 974
34 937 974 975
51 937 975 976
24 937 938 976
62 937 938 975
82 938 975 976
4 938 976 977
81 938 939 977
9 938 939 976
37 939 976 977
4 939 977 978
82 939 940 978
15 939 940 977
33 940 977 978
94 940 978 979
94 940 941 979
17 940 941 978
26 941 978 979
75 941 979 980
31 941 942 980
72 941 942 979
64 942 979 980
30 942 980 981
17 942 943 981
80 942 943 980
0 943 980 981
4 943 981 982
74 943 944 982
84 943 944 981
85 944 981 982
6 944 982 983
73 944 945 983
80 944 945 982
85 945 982 983
57 945 983 984
93 945 946 984
67 945 946 983
42 946 983 984
7 946 984 985
6 946 947 985
81 946 947 984
38 947 984 985
8 947 985 986
16 947 948 986
48 947 948 985
33 948 985 986
43 948 986 987
100 948 949 987
84 948 949 986
93 949 986 987
6 949 987 988
27 949 950 988
27 949 950 987
81 950 987 988
26 950 988 989
74 950 951 989
42 950 951 988
13 951 988 989
7 951 989 990
62 951 952 990
55 951 952 989
56 952 989 990
75 952 990 991
23 952 953 991
67 952 953 990
64 953 990 991
9 953 991 992
82 953 954 992
86 953 954 991
98 954 991 992
53 954 992 993
92 954 955 993
43 954 955 992
85 955 992 993
75 955 993 994
27 955 956 994
58 955 956 993
16 956 993 994
26 956 994 995
43 956 957 995
24 956 957 994
0 957 994 995
98 957 995 996
16 957 958 996
92 957 958 995
53 958 995 996
35 958 996 997
60 958 959 997
69 958 959 996
47 959 996 997
98 959 997 998
19 959 960 998
27 959 960 997
34 960 997 998
18 960 998 999
15 960 961 999
42 960 961 998
18 961 998 999
98 961 999 1000
95 961 962 1000
82 961 962 999
36 962 999 1000
4 962 1000 1001
13 962 963 1001
41 962 963 1000
50 963 1000 1001
70 963 1001 1002
40 963 964 1002
94 963 964 1001
39 964 1001 1002
82 964 1002 1003
74 964 965 1003
47 964 965 1002
5 965 1002 1003
53 965 1003 1004
2 965 966 1004
93 965 966 1003
91 966 1003 1004
66 966 1004 1005
5 966 967 1005
40 966 967 1004
22 967 1004 1005
42 967 1005 1006
71 967 968 1006
31 967 968 1005
77 968 1005 1006
60 968 1006 1007
79 968 969 1007
60 968 969 1006
4 969 1006 1007
74 970 1008 1009
42 970 971 1009
93 970 971 1008
16 971 1008 1009
7 971 1009 1010
85 971 972 1010
62 971 972 1009
97 972 1009 1010
65 972 1010 1011
46 972 973 1011
38 972 973 1010
72 973 1010 1011
23 973 1011 1012
52 973 974 1012
92 973 974 1011
31 974 1011 1012
79 974 1012 1013
86 974 975 1013
13 974 975 1012
62 975 1012 1013
29 975 1013 1014
23 975 976 1014
100 975 976 1013
78 976 1013 1014
15 976 1014 1015
52 976 977 1015
31 976 977 1014
54 977 1014 1015
4 977 1015 1016
52 977 978 1016
87 977 978 1015
78 978 1015 1016
99 978 1016 1017
48 978 979 1017
60 978 979 1016
17 979 1016 1017
73 979 1017 1018
83 979 980 1018
38 979 980 1017
80 980 1017 1018
11 980 1018 1019
73 980 981 1019
77 980 981 1018
36 981 1018 1019
18 981 1019 1020
60 981 982 1020
70 981 982 1019
12 982 1019 1020
42 982 1020 1021
39 982 983 1021
76 982 983 1020
33 983 1020 1021
93 983 1021 1022
66 983 984 1022
12 983 984 1021
73 984 1021 1022
45 984 1022 1023
21 984 985 1023
36 984 985 1022
36 985 1022 1023
100 985 1023 1024
34 985 986 1024
32 985 986 1023
5 986 1023 1024
29 986 1024 1025
82 986 987 1025
56 986 987 1024
62 987 1024 1025
16 987 1025 1026
96 987 988 1026
2 987 988 1025
71 988 1025 1026
23 988 1026 1027
85 988 989 1027
85 988 989 1026
60 989 1026 1027
55 989 1027 1028
19 989 990 1028
28 989 990 1027
89 990 1027 1028
69 990 1028 1029
5 990 991 1029
33 990 991 1028
23 991 1028 1029
80 991 1029 1030
38 991 992 1030
41 991 992 1029
100 992 1029 1030
53 992 1030 1031
89 992 993 1031
18 992 993 1030
35 993 1030 1031
20 993 1031 1032
31 993 994 1032
90 993 994 1031
53 994 1031 1032
66 994 1032 1033
50 994 995 1033
97 994 995 1032
77 995 1032 1033
79 995 1033 1034
89 995 996 1034
1 995 996 1033
69 996 1033 1034
52 996 1034 1035
65 996 997 1035
42 996 997 1034
67 997 1034 1035
17 997 1035 1036
36 997 998 1036
74 997 998 1035
24 998 1035 1036
88 998 1036 1037
25 998 999 1037
33 998 999 1036
63 999 1036 1037
22 999 1037 1038
19 999 1000 1038
6 999 1000 1037
70 1000 1037 1038
43 1000 1038 1039
94 1000 1001 1039
64 1000 1001 1038
18 1001 1038 1039
27 1001 1039 1040
88 1001 1002 1040
32 1001 1002 1039
12 1002 1039 1040
78 1002 1040 1041
54 1002 1003 1041
50 1002 1003 1040
82 1003 1040 1041
81 1003 1041 1042
93 1003 1004 1042
57 1003 1004 1041
38 1004 1041 1042
54 1004 1042 1043
52 1004 1005 1043
25 1004 1005 1042
28 1005 1042 1043
32 1005 1043 1044
97 1005 1006 1044
51 1005 1006 1043
12 1006 1043 1044
44 1006 1044 1045
15 1006 1007 1045
29 1006 1007 1044
56 1007 1044 1045
33 1008 1046 1047
38 1008 1009 1047
27 1008 1009 1046
89 1009 1046 1047
5 1009 1047 1048
45 1009 1010 1048
41 1009 1010 1047
58 1010 1047 1048
46 1010 1048 1049
77 1010 1011 1049
55 1010 1011 1048
67 1011 1048 1049
34 1011 1049 1050
91 1011 1012 1050
42 1011 1012 1049
5 1012 1049 1050
84 1012 1050 1051
71 1012 1013 1051
86 1012 1013 1050
95 1013 1050 1051
46 1013 1051 1052
62 1013 1014 1052
37 1013 1014 1051
21 1014 1051 1052
17 1014 1052 1053
4 1014 1015 1053
25 1014 1015 1052
73 1015 1052 1053
9 1015 1053 1054
51 1015 1016 1054
76 1015 1016 1053
61 1016 1053 1054
50 1016 1054 1055
61 1016 1017 1055
65 1016 1017 1054
18 1017 1054 1055
92 1017 1055 1056
62 1017 1018 1056
18 1017 1018 1055
41 1018 1055 1056
73 1018 1056 1057
95 1018 1019 1057
73 1018 1019 1056
80 1019 1056 1057
55 1019 1057 1058
17 1019 1020 1058
22 1019 1020 1057
45 1020 1057 1058
29 1020 1058 1059
40 1020 1021 1059
98 1020 1021 1058
100 1021 1058 1059
65 1021 1059 1060
73 1021 1022 1060
50 1021 1022 1059
23 1022 1059 1060
35 1022 1060 1061
55 1022 1023 1061
37 1022 1023 1060
29 1023 1060 1061
6 1023 1061 1062
60 1023 1024 1062
64 1023 1024 1061
12 1024 1061 1062
78 1024 1062 1063
100 1024 1025 1063
60 1024 1025 1062
4 1025 1062 1063
61 1025 1063 1064
85 1025 1026 1064
10 1025 1026 1063
64 1026 1063 1064
93 1026 1064 1065
40 1026 1027 1065
88 1026 1027 1064
62 1027 1064 1065
26 1027 1065 1066
67 1027 1028 1066
23 1027 1028 1065
4 1028 1065 1066
13 1028 1066 1067
65 1028 1029 1067
10 1028 1029 1066
82 1029 1066 1067
33 1029 1067 1068
43 1029 1030 1068
48 1029 1030 1067
30 1030 1067 1068
71 1030 1068 1069
76 1030 1031 1069
41 1030 1031 1068
46 1031 1068 1069
50 1031 1069 1070
81 1031 1032 1070
97 1031 1032 1069
93 1032 1069 1070
79 1032 1070 1071
29 1032 1033 1071
7 1032 1033 1070
55 1033 1070 1071
5 1033 1071 1072
92 1033 1034 1072
8 1033 1034 1071
22 1034 1071 1072
9 1034 1072 1073
100 1034 1035 1073
71 1034 1035 1072
58 1035 1072 1073
27 1035 1073 1074
33 1035 1036 1074
97 1035 1036 1073
68 1036 1073 1074
66 1036 1074 1075
41 1036 1037 1075
100 1036 1037 1074
30 1037 1074 1075
49 1037 1075 1076
21 1037 1038 1076
90 1037 1038 1075
19 1038 1075 1076
75 1038 1076 1077
82 1038 1039 1077
13 1038 1039 1076
35 1039 1076 1077
57 1039 1077 1078
93 1039 1040 1078
83 1039 1040 1077
49 1040 1077 1078
32 1040 1078 1079
95 1040 1041 1079
64 1040 1041 1078
14 1041 1078 1079
23 1041 1079 1080
32 1041 1042 1080
67 1041 1042 1079
86 1042 1079 1080
20 1042 1080 1081
95 1042 1043 1081
38 1042 1043 1080
3 1043 1080 1081
76 1043 1081 1082
79 1043 1044 1082
58 1043 1044 1081
6 1044 1081 1082
0 1044 1082 1083
50 1044 1045 1083
29 1044 1045 1082
47 1045 1082 1083
