0 1 21 22
99 1 2 22
9 1 2 21
59 2 21 22
96 2 22 23
37 2 3 23
35 2 3 22
93 3 22 23
77 3 23 24
90 3 4 24
47 3 4 23
31 4 23 24
80 4 24 25
63 4 5 25
19 4 5 24
16 5 24 25
69 5 25 26
59 5 6 26
30 5 6 25
99 6 25 26
25 6 26 27
15 6 7 27
63 6 7 26
54 7 26 27
59 7 27 28
88 7 8 28
33 7 8 27
75 8 27 28
71 8 28 29
42 8 9 29
97 8 9 28
84 9 28 29
93 9 29 30
97 9 10 30
35 9 10 29
90 10 29 30
55 10 30 31
14 10 11 31
3 10 11 30
91 11 30 31
6 11 31 32
77 11 12 32
63 11 12 31
33 12 31 32
53 12 32 33
71 12 13 33
58 12 13 32
5 13 32 33
15 13 33 34
47 13 14 34
16 13 14 33
7 14 33 34
72 14 34 35
97 14 15 35
43 14 15 34
53 15 34 35
13 15 35 36
73 15 16 36
8 15 16 35
70 16 35 36
46 16 36 37
2 16 17 37
68 16 17 36
67 17 36 37
30 17 37 38
22 17 18 38
86 17 18 37
32 18 37 38
34 18 38 39
36 18 19 39
52 18 19 38
71 19 38 39
97 19 39 40
24 19 20 40
27 19 20 39
87 20 39 40
88 21 41 42
60 21 22 42
92 21 22 41
7 22 41 42
40 22 42 43
66 22 23 43
71 22 23 42
87 23 42 43
4 23 43 44
12 23 24 44
13 23 24 43
75 24 43 44
45 24 44 45
81 24 25 45
62 24 25 44
47 25 44 45
1 25 45 46
73 25 26 46
76 25 26 45
2 26 45 46
100 26 46 47
67 26 27 47
43 26 27 46
81 27 46 47
59 27 47 48
28 27 28 48
24 27 28 47
60 28 47 48
44 28 48 49
64 28 29 49
74 28 29 48
30 29 48 49
20 29 49 50
6 29 30 50
18 29 30 49
54 30 49 50
9 30 50 51
64 30 31 51
93 30 31 50
93 31 50 51
35 31 51 52
19 31 32 52
53 31 32 51
3 32 51 52
90 32 52 53
44 32 33 53
44 32 33 52
54 33 52 53
57 33 53 54
0 33 34 54
43 33 34 53
92 34 53 54
27 34 54 55
98 34 35 55
2 34 35 54
21 35 54 55
90 35 55 56
58 35 36 56
95 35 36 55
30 36 55 56
60 36 56 57
76 36 37 57
74 36 37 56
88 37 56 57
89 37 57 58
83 37 38 58
4 37 38 57
40 38 57 58
58 38 58 59
17 38 39 59
67 38 39 58
24 39 58 59
36 39 59 60
7 39 40 60
91 39 40 59
44 40 59 60
94 41 61 62
5 41 42 62
47 41 42 61
9 42 61 62
51 42 62 63
62 42 43 63
14 42 43 62
74 43 62 63
57 43 63 64
6 43 44 64
42 43 44 63
53 44 63 64
67 44 64 65
47 44 45 65
39 44 45 64
19 45 64 65
98 45 65 66
89 45 46 66
44 45 46 65
81 46 65 66
80 46 66 67
4 46 47 67
20 46 47 66
89 47 66 67
27 47 67 68
42 47 48 68
21 47 48 67
9 48 67 68
18 48 68 69
55 48 49 69
66 48 49 68
42 49 68 69
59 49 69 70
77 49 50 70
19 49 50 69
21 50 69 70
88 50 70 71
18 50 51 71
21 50 51 70
9 51 70 71
72 51 71 72
50 51 52 72
11 51 52 71
70 52 71 72
8 52 72 73
32 52 53 73
25 52 53 72
23 53 72 73
71 53 73 74
80 53 54 74
2 53 54 73
46 54 73 74
83 54 74 75
69 54 55 75
48 54 55 74
72 55 74 75
33 55 75 76
63 55 56 76
75 55 56 75
27 56 75 76
44 56 76 77
47 56 57 77
92 56 57 76
10 57 76 77
85 57 77 78
3 57 58 78
23 57 58 77
1 58 77 78
28 58 78 79
81 58 59 79
54 58 59 78
21 59 78 79
53 59 79 80
88 59 60 80
83 59 60 79
28 60 79 80
99 61 81 82
47 61 62 82
26 61 62 81
24 62 81 82
71 62 82 83
52 62 63 83
84 62 63 82
87 63 82 83
62 63 83 84
89 63 64 84
98 63 64 83
34 64 83 84
57 64 84 85
44 64 65 85
17 64 65 84
14 65 84 85
24 65 85 86
74 65 66 86
52 65 66 85
25 66 85 86
77 66 86 87
17 66 67 87
83 66 67 86
78 67 86 87
6 67 87 88
1 67 68 88
40 67 68 87
58 68 87 88
87 68 88 89
8 68 69 89
88 68 69 88
64 69 88 89
8 69 89 90
56 69 70 90
53 69 70 89
51 70 89 90
23 70 90 91
5 70 71 91
65 70 71 90
99 71 90 91
26 71 91 92
84 71 72 92
44 71 72 91
56 72 91 92
84 72 92 93
10 72 73 93
83 72 73 92
60 73 92 93
17 73 93 94
8 73 74 94
93 73 74 93
23 74 93 94
88 74 94 95
65 74 75 95
22 74 75 94
76 75 94 95
21 75 95 96
65 75 76 96
93 75 76 95
99 76 95 96
26 76 96 97
98 76 77 97
86 76 77 96
53 77 96 97
56 77 97 98
10 77 78 98
86 77 78 97
76 78 97 98
21 78 98 99
63 78 79 99
28 78 79 98
34 79 98 99
10 79 99 100
35 79 80 100
9 79 80 99
60 80 99 100
64 81 101 102
87 81 82 102
84 81 82 101
93 82 101 102
0 82 102 103
16 82 83 103
73 82 83 102
54 83 102 103
30 83 103 104
50 83 84 104
14 83 84 103
92 84 103 104
84 84 104 105
40 84 85 105
33 84 85 104
44 85 104 105
25 85 105 106
80 85 86 106
28 85 86 105
67 86 105 106
32 86 106 107
34 86 87 107
67 86 87 106
34 87 106 107
86 87 107 108
52 87 88 108
38 87 88 107
1 88 107 108
100 88 108 109
61 88 89 109
68 88 89 108
78 89 108 109
24 89 109 110
2 89 90 110
7 89 90 109
37 90 109 110
89 90 110 111
10 90 91 111
59 90 91 110
94 91 110 111
62 91 111 112
70 91 92 112
33 91 92 111
41 92 111 112
96 92 112 113
14 92 93 113
30 92 93 112
37 93 112 113
53 93 113 114
32 93 94 114
87 93 94 113
75 94 113 114
6 94 114 115
13 94 95 115
28 94 95 114
73 95 114 115
59 95 115 116
31 95 96 116
88 95 96 115
40 96 115 116
46 96 116 117
36 96 97 117
35 96 97 116
39 97 116 117
79 97 117 118
69 97 98 118
5 97 98 117
91 98 117 118
51 98 118 119
39 98 99 119
85 98 99 118
61 99 118 119
79 99 119 120
1 99 100 120
65 99 100 119
41 100 119 120
90 101 121 122
45 101 102 122
67 101 102 121
8 102 121 122
67 102 122 123
92 102 103 123
40 102 103 122
89 103 122 123
23 103 123 124
64 103 104 124
27 103 104 123
48 104 123 124
58 104 124 125
37 104 105 125
29 104 105 124
2 105 124 125
5 105 125 126
51 105 106 126
49 105 106 125
87 106 125 126
29 106 126 127
87 106 107 127
95 106 107 126
74 107 126 127
75 107 127 128
29 107 108 128
71 107 108 127
15 108 127 128
9 108 128 129
89 108 109 129
68 108 109 128
79 109 128 129
17 109 129 130
92 109 110 130
5 109 110 129
4 110 129 130
58 110 130 131
53 110 111 131
88 110 111 130
58 111 130 131
76 111 131 132
59 111 112 132
10 111 112 131
64 112 131 132
41 112 132 133
23 112 113 133
69 112 113 132
40 113 132 133
65 113 133 134
3 113 114 134
75 113 114 133
83 114 133 134
0 114 134 135
92 114 115 135
83 114 115 134
10 115 134 135
53 115 135 136
78 115 116 136
72 115 116 135
40 116 135 136
83 116 136 137
56 116 117 137
16 116 117 136
93 117 136 137
24 117 137 138
26 117 118 138
50 117 118 137
98 118 137 138
27 118 138 139
28 118 119 139
68 118 119 138
69 119 138 139
87 119 139 140
73 119 120 140
68 119 120 139
73 120 139 140
24 121 141 142
97 121 122 142
12 121 122 141
61 122 141 142
55 122 142 143
58 122 123 143
0 122 123 142
32 123 142 143
54 123 143 144
43 123 124 144
13 123 124 143
33 124 143 144
65 124 144 145
57 124 125 145
75 124 125 144
87 125 144 145
35 125 145 146
26 125 126 146
28 125 126 145
75 126 145 146
48 126 146 147
96 126 127 147
15 126 127 146
2 127 146 147
68 127 147 148
27 127 128 148
78 127 128 147
21 128 147 148
80 128 148 149
73 128 129 149
30 128 129 148
80 129 148 149
21 129 149 150
75 129 130 150
69 129 130 149
91 130 149 150
46 130 150 151
70 130 131 151
14 130 131 150
15 131 150 151
42 131 151 152
99 131 132 152
97 131 132 151
10 132 151 152
51 132 152 153
32 132 133 153
23 132 133 152
54 133 152 153
1 133 153 154
34 133 134 154
60 133 134 153
0 134 153 154
1 134 154 155
74 134 135 155
40 134 135 154
90 135 154 155
71 135 155 156
68 135 136 156
37 135 136 155
27 136 155 156
94 136 156 157
14 136 137 157
59 136 137 156
14 137 156 157
29 137 157 158
38 137 138 158
97 137 138 157
88 138 157 158
42 138 158 159
35 138 139 159
2 138 139 158
48 139 158 159
29 139 159 160
41 139 140 160
33 139 140 159
80 140 159 160
96 141 161 162
44 141 142 162
24 141 142 161
67 142 161 162
48 142 162 163
12 142 143 163
16 142 143 162
32 143 162 163
47 143 163 164
90 143 144 164
46 143 144 163
81 144 163 164
14 144 164 165
12 144 145 165
12 144 145 164
40 145 164 165
10 145 165 166
51 145 146 166
83 145 146 165
78 146 165 166
99 146 166 167
23 146 147 167
15 146 147 166
24 147 166 167
28 147 167 168
34 147 148 168
51 147 148 167
34 148 167 168
50 148 168 169
85 148 149 169
64 148 149 168
7 149 168 169
21 149 169 170
64 149 150 170
72 149 150 169
20 150 169 170
24 150 170 171
49 150 151 171
6 150 151 170
58 151 170 171
64 151 171 172
36 151 152 172
49 151 152 171
87 152 171 172
8 152 172 173
88 152 153 173
97 152 153 172
88 153 172 173
96 153 173 174
71 153 154 174
94 153 154 173
79 154 173 174
56 154 174 175
3 154 155 175
99 154 155 174
0 155 174 175
3 155 175 176
52 155 156 176
97 155 156 175
55 156 175 176
55 156 176 177
40 156 157 177
22 156 157 176
57 157 176 177
73 157 177 178
20 157 158 178
44 157 158 177
23 158 177 178
95 158 178 179
71 158 159 179
97 158 159 178
64 159 178 179
12 159 179 180
1 159 160 180
30 159 160 179
43 160 179 180
22 161 181 182
90 161 162 182
24 161 162 181
85 162 181 182
20 162 182 183
64 162 163 183
84 162 163 182
55 163 182 183
72 163 183 184
56 163 164 184
52 163 164 183
98 164 183 184
72 164 184 185
9 164 165 185
9 164 165 184
49 165 184 185
43 165 185 186
90 165 166 186
0 165 166 185
14 166 185 186
60 166 186 187
46 166 167 187
62 166 167 186
26 167 186 187
51 167 187 188
31 167 168 188
50 167 168 187
21 168 187 188
90 168 188 189
96 168 169 189
72 168 169 188
20 169 188 189
58 169 189 190
90 169 170 190
0 169 170 189
84 170 189 190
37 170 190 191
45 170 171 191
52 170 171 190
26 171 190 191
15 171 191 192
59 171 172 192
93 171 172 191
38 172 191 192
92 172 192 193
63 172 173 193
4 172 173 192
36 173 192 193
53 173 193 194
72 173 174 194
52 173 174 193
29 174 193 194
29 174 194 195
100 174 175 195
7 174 175 194
54 175 194 195
15 175 195 196
29 175 176 196
9 175 176 195
88 176 195 196
19 176 196 197
40 176 177 197
68 176 177 196
50 177 196 197
72 177 197 198
81 177 178 198
27 177 178 197
12 178 197 198
30 178 198 199
4 178 179 199
77 178 179 198
29 179 198 199
94 179 199 200
62 179 180 200
22 179 180 199
60 180 199 200
34 181 201 202
19 181 182 202
19 181 182 201
12 182 201 202
90 182 202 203
71 182 183 203
14 182 183 202
46 183 202 203
20 183 203 204
43 183 184 204
37 183 184 203
56 184 203 204
63 184 204 205
17 184 185 205
77 184 185 204
39 185 204 205
79 185 205 206
8 185 186 206
28 185 186 205
34 186 205 206
99 186 206 207
9 186 187 207
56 186 187 206
69 187 206 207
15 187 207 208
91 187 188 208
45 187 188 207
48 188 207 208
68 188 208 209
87 188 189 209
79 188 189 208
37 189 208 209
5 189 209 210
98 189 190 210
35 189 190 209
21 190 209 210
34 190 210 211
74 190 191 211
49 190 191 210
91 191 210 211
49 191 211 212
79 191 192 212
76 191 192 211
60 192 211 212
44 192 212 213
41 192 193 213
49 192 193 212
10 193 212 213
36 193 213 214
67 193 194 214
69 193 194 213
8 194 213 214
17 194 214 215
68 194 195 215
81 194 195 214
82 195 214 215
58 195 215 216
10 195 196 216
46 195 196 215
22 196 215 216
86 196 216 217
31 196 197 217
95 196 197 216
44 197 216 217
72 197 217 218
32 197 198 218
44 197 198 217
75 198 217 218
96 198 218 219
37 198 199 219
5 198 199 218
96 199 218 219
7 199 219 220
72 199 200 220
43 199 200 219
51 200 219 220
6 201 221 222
5 201 202 222
68 201 202 221
100 202 221 222
15 202 222 223
13 202 203 223
80 202 203 222
61 203 222 223
17 203 223 224
21 203 204 224
76 203 204 223
2 204 223 224
53 204 224 225
69 204 205 225
60 204 205 224
9 205 224 225
52 205 225 226
70 205 206 226
6 205 206 225
68 206 225 226
97 206 226 227
90 206 207 227
76 206 207 226
20 207 226 227
76 207 227 228
58 207 208 228
38 207 208 227
88 208 227 228
59 208 228 229
38 208 209 229
41 208 209 228
19 209 228 229
41 209 229 230
75 209 210 230
54 209 210 229
32 210 229 230
88 210 230 231
10 210 211 231
100 210 211 230
52 211 230 231
89 211 231 232
76 211 212 232
30 211 212 231
98 212 231 232
61 212 232 233
34 212 213 233
59 212 213 232
80 213 232 233
76 213 233 234
100 213 214 234
92 213 214 233
48 214 233 234
61 214 234 235
79 214 215 235
27 214 215 234
79 215 234 235
20 215 235 236
30 215 216 236
35 215 216 235
36 216 235 236
97 216 236 237
91 216 217 237
98 216 217 236
98 217 236 237
10 217 237 238
97 217 218 238
61 217 218 237
60 218 237 238
57 218 238 239
57 218 219 239
76 218 219 238
74 219 238 239
79 219 239 240
89 219 220 240
32 219 220 239
41 220 239 240
42 221 241 242
72 221 222 242
10 221 222 241
59 222 241 242
30 222 242 243
33 222 223 243
5 222 223 242
51 223 242 243
26 223 243 244
44 223 224 244
63 223 224 243
100 224 243 244
23 224 244 245
7 224 225 245
69 224 225 244
72 225 244 245
16 225 245 246
38 225 226 246
82 225 226 245
57 226 245 246
51 226 246 247
26 226 227 247
13 226 227 246
29 227 246 247
87 227 247 248
44 227 228 248
50 227 228 247
58 228 247 248
95 228 248 249
44 228 229 249
9 228 229 248
72 229 248 249
16 229 249 250
32 229 230 250
65 229 230 249
3 230 249 250
45 230 250 251
31 230 231 251
22 230 231 250
29 231 250 251
86 231 251 252
59 231 232 252
54 231 232 251
8 232 251 252
43 232 252 253
94 232 233 253
100 232 233 252
84 233 252 253
83 233 253 254
77 233 234 254
67 233 234 253
95 234 253 254
39 234 254 255
73 234 235 255
55 234 235 254
39 235 254 255
69 235 255 256
17 235 236 256
8 235 236 255
79 236 255 256
8 236 256 257
54 236 237 257
43 236 237 256
43 237 256 257
7 237 257 258
40 237 238 258
36 237 238 257
85 238 257 258
6 238 258 259
48 238 239 259
41 238 239 258
56 239 258 259
54 239 259 260
35 239 240 260
50 239 240 259
82 240 259 260
18 241 261 262
57 241 242 262
57 241 242 261
80 242 261 262
22 242 262 263
27 242 243 263
54 242 243 262
58 243 262 263
53 243 263 264
98 243 244 264
53 243 244 263
49 244 263 264
22 244 264 265
2 244 245 265
38 244 245 264
65 245 264 265
8 245 265 266
45 245 246 266
6 245 246 265
65 246 265 266
29 246 266 267
49 246 247 267
91 246 247 266
100 247 266 267
25 247 267 268
24 247 248 268
91 247 248 267
26 248 267 268
3 248 268 269
71 248 249 269
82 248 249 268
48 249 268 269
70 249 269 270
46 249 250 270
51 249 250 269
26 250 269 270
8 250 270 271
95 250 251 271
77 250 251 270
99 251 270 271
74 251 271 272
67 251 252 272
34 251 252 271
9 252 271 272
66 252 272 273
41 252 253 273
25 252 253 272
84 253 272 273
48 253 273 274
67 253 254 274
57 253 254 273
33 254 273 274
13 254 274 275
1 254 255 275
0 254 255 274
73 255 274 275
40 255 275 276
13 255 256 276
82 255 256 275
82 256 275 276
54 256 276 277
76 256 257 277
55 256 257 276
39 257 276 277
82 257 277 278
44 257 258 278
68 257 258 277
87 258 277 278
30 258 278 279
82 258 259 279
56 258 259 278
89 259 278 279
79 259 279 280
82 259 260 280
49 259 260 279
74 260 279 280
34 261 281 282
56 261 262 282
17 261 262 281
24 262 281 282
37 262 282 283
37 262 263 283
39 262 263 282
88 263 282 283
88 263 283 284
81 263 264 284
35 263 264 283
98 264 283 284
24 264 284 285
2 264 265 285
8 264 265 284
81 265 284 285
11 265 285 286
93 265 266 286
39 265 266 285
46 266 285 286
86 266 286 287
96 266 267 287
83 266 267 286
64 267 286 287
32 267 287 288
11 267 268 288
7 267 268 287
33 268 287 288
38 268 288 289
62 268 269 289
91 268 269 288
68 269 288 289
34 269 289 290
96 269 270 290
100 269 270 289
44 270 289 290
10 270 290 291
36 270 271 291
4 270 271 290
38 271 290 291
72 271 291 292
87 271 272 292
20 271 272 291
90 272 291 292
94 272 292 293
7 272 273 293
75 272 273 292
53 273 292 293
63 273 293 294
67 273 274 294
93 273 274 293
99 274 293 294
80 274 294 295
28 274 275 295
65 274 275 294
44 275 294 295
69 275 295 296
93 275 276 296
83 275 276 295
20 276 295 296
22 276 296 297
59 276 277 297
85 276 277 296
96 277 296 297
99 277 297 298
75 277 278 298
94 277 278 297
63 278 297 298
65 278 298 299
13 278 279 299
10 278 279 298
87 279 298 299
26 279 299 300
96 279 280 300
44 279 280 299
37 280 299 300
53 281 301 302
70 281 282 302
36 281 282 301
24 282 301 302
57 282 302 303
56 282 283 303
4 282 283 302
92 283 302 303
54 283 303 304
12 283 284 304
9 283 284 303
28 284 303 304
53 284 304 305
78 284 285 305
14 284 285 304
99 285 304 305
33 285 305 306
69 285 286 306
86 285 286 305
83 286 305 306
0 286 306 307
61 286 287 307
23 286 287 306
8 287 306 307
87 287 307 308
1 287 288 308
95 287 288 307
89 288 307 308
24 288 308 309
30 288 289 309
97 288 289 308
46 289 308 309
60 289 309 310
92 289 290 310
69 289 290 309
77 290 309 310
99 290 310 311
85 290 291 311
85 290 291 310
18 291 310 311
85 291 311 312
81 291 292 312
45 291 292 311
54 292 311 312
15 292 312 313
23 292 293 313
36 292 293 312
23 293 312 313
16 293 313 314
7 293 294 314
25 293 294 313
84 294 313 314
13 294 314 315
85 294 295 315
33 294 295 314
83 295 314 315
9 295 315 316
42 295 296 316
50 295 296 315
2 296 315 316
21 296 316 317
98 296 297 317
84 296 297 316
20 297 316 317
61 297 317 318
1 297 298 318
13 297 298 317
51 298 317 318
70 298 318 319
63 298 299 319
6 298 299 318
38 299 318 319
69 299 319 320
41 299 300 320
39 299 300 319
66 300 319 320
77 301 321 322
54 301 302 322
8 301 302 321
2 302 321 322
58 302 322 323
86 302 303 323
84 302 303 322
95 303 322 323
26 303 323 324
100 303 304 324
32 303 304 323
38 304 323 324
90 304 324 325
85 304 305 325
54 304 305 324
38 305 324 325
65 305 325 326
52 305 306 326
35 305 306 325
71 306 325 326
54 306 326 327
39 306 307 327
23 306 307 326
6 307 326 327
50 307 327 328
99 307 308 328
65 307 308 327
77 308 327 328
71 308 328 329
46 308 309 329
40 308 309 328
13 309 328 329
67 309 329 330
22 309 310 330
76 309 310 329
89 310 329 330
78 310 330 331
92 310 311 331
52 310 311 330
29 311 330 331
20 311 331 332
94 311 312 332
24 311 312 331
88 312 331 332
67 312 332 333
14 312 313 333
58 312 313 332
56 313 332 333
14 313 333 334
43 313 314 334
45 313 314 333
95 314 333 334
67 314 334 335
20 314 315 335
13 314 315 334
100 315 334 335
34 315 335 336
62 315 316 336
91 315 316 335
51 316 335 336
5 316 336 337
1 316 317 337
22 316 317 336
41 317 336 337
76 317 337 338
64 317 318 338
98 317 318 337
65 318 337 338
44 318 338 339
47 318 319 339
31 318 319 338
41 319 338 339
38 319 339 340
45 319 320 340
0 319 320 339
57 320 339 340
100 321 341 342
86 321 322 342
98 321 322 341
64 322 341 342
18 322 342 343
81 322 323 343
13 322 323 342
9 323 342 343
26 323 343 344
64 323 324 344
98 323 324 343
47 324 343 344
74 324 344 345
13 324 325 345
72 324 325 344
13 325 344 345
35 325 345 346
69 325 326 346
10 325 326 345
74 326 345 346
58 326 346 347
12 326 327 347
32 326 327 346
9 327 346 347
84 327 347 348
6 327 328 348
58 327 328 347
60 328 347 348
19 328 348 349
41 328 329 349
85 328 329 348
74 329 348 349
84 329 349 350
35 329 330 350
15 329 330 349
47 330 349 350
48 330 350 351
85 330 331 351
41 330 331 350
19 331 350 351
68 331 351 352
88 331 332 352
75 331 332 351
37 332 351 352
69 332 352 353
15 332 333 353
53 332 333 352
78 333 352 353
79 333 353 354
25 333 334 354
9 333 334 353
91 334 353 354
7 334 354 355
58 334 335 355
17 334 335 354
3 335 354 355
8 335 355 356
44 335 336 356
86 335 336 355
4 336 355 356
47 336 356 357
44 336 337 357
34 336 337 356
56 337 356 357
27 337 357 358
78 337 338 358
56 337 338 357
27 338 357 358
30 338 358 359
66 338 339 359
97 338 339 358
35 339 358 359
51 339 359 360
44 339 340 360
46 339 340 359
87 340 359 360
16 341 361 362
37 341 342 362
53 341 342 361
47 342 361 362
45 342 362 363
53 342 343 363
68 342 343 362
24 343 362 363
26 343 363 364
16 343 344 364
81 343 344 363
43 344 363 364
58 344 364 365
62 344 345 365
82 344 345 364
49 345 364 365
89 345 365 366
8 345 346 366
66 345 346 365
37 346 365 366
98 346 366 367
26 346 347 367
63 346 347 366
87 347 366 367
11 347 367 368
21 347 348 368
64 347 348 367
12 348 367 368
24 348 368 369
2 348 349 369
35 348 349 368
37 349 368 369
3 349 369 370
21 349 350 370
53 349 350 369
47 350 369 370
81 350 370 371
37 350 351 371
57 350 351 370
24 351 370 371
97 351 371 372
62 351 352 372
90 351 352 371
4 352 371 372
18 352 372 373
25 352 353 373
71 352 353 372
88 353 372 373
33 353 373 374
63 353 354 374
53 353 354 373
62 354 373 374
61 354 374 375
80 354 355 375
77 354 355 374
29 355 374 375
43 355 375 376
77 355 356 376
33 355 356 375
89 356 375 376
85 356 376 377
93 356 357 377
48 356 357 376
15 357 376 377
70 357 377 378
75 357 358 378
19 357 358 377
34 358 377 378
82 358 378 379
12 358 359 379
100 358 359 378
64 359 378 379
95 359 379 380
45 359 360 380
95 359 360 379
68 360 379 380
57 361 381 382
21 361 362 382
66 361 362 381
81 362 381 382
37 362 382 383
23 362 363 383
5 362 363 382
85 363 382 383
27 363 383 384
20 363 364 384
26 363 364 383
2 364 383 384
97 364 384 385
12 364 365 385
17 364 365 384
31 365 384 385
19 365 385 386
54 365 366 386
100 365 366 385
33 366 385 386
11 366 386 387
57 366 367 387
19 366 367 386
45 367 386 387
60 367 387 388
76 367 368 388
96 367 368 387
98 368 387 388
90 368 388 389
98 368 369 389
100 368 369 388
26 369 388 389
47 369 389 390
22 369 370 390
18 369 370 389
79 370 389 390
84 370 390 391
30 370 371 391
34 370 371 390
50 371 390 391
69 371 391 392
72 371 372 392
42 371 372 391
20 372 391 392
80 372 392 393
51 372 373 393
94 372 373 392
36 373 392 393
37 373 393 394
11 373 374 394
16 373 374 393
3 374 393 394
29 374 394 395
81 374 375 395
91 374 375 394
68 375 394 395
0 375 395 396
50 375 376 396
40 375 376 395
2 376 395 396
61 376 396 397
1 376 377 397
1 376 377 396
59 377 396 397
78 377 397 398
96 377 378 398
27 377 378 397
17 378 397 398
12 378 398 399
58 378 379 399
48 378 379 398
46 379 398 399
23 379 399 400
4 379 380 400
81 379 380 399
81 380 399 400
32 381 401 402
80 381 382 402
10 381 382 401
72 382 401 402
66 382 402 403
94 382 383 403
88 382 383 402
71 383 402 403
32 383 403 404
84 383 384 404
59 383 384 403
31 384 403 404
22 384 404 405
59 384 385 405
68 384 385 404
61 385 404 405
65 385 405 406
74 385 386 406
23 385 386 405
7 386 405 406
29 386 406 407
23 386 387 407
15 386 387 406
5 387 406 407
1 387 407 408
93 387 388 408
21 387 388 407
68 388 407 408
16 388 408 409
19 388 389 409
58 388 389 408
62 389 408 409
7 389 409 410
1 389 390 410
77 389 390 409
38 390 409 410
7 390 410 411
5 390 391 411
5 390 391 410
15 391 410 411
50 391 411 412
71 391 392 412
19 391 392 411
27 392 411 412
93 392 412 413
28 392 393 413
82 392 393 412
87 393 412 413
95 393 413 414
41 393 394 414
20 393 394 413
56 394 413 414
86 394 414 415
32 394 395 415
99 394 395 414
72 395 414 415
59 395 415 416
67 395 396 416
49 395 396 415
72 396 415 416
11 396 416 417
3 396 397 417
6 396 397 416
64 397 416 417
2 397 417 418
33 397 398 418
30 397 398 417
4 398 417 418
40 398 418 419
30 398 399 419
90 398 399 418
19 399 418 419
87 399 419 420
75 399 400 420
48 399 400 419
62 400 419 420
43 400 420 421
50 401 441 442
33 401 402 442
9 401 402 441
71 402 441 442
15 402 442 443
16 402 403 443
99 402 403 442
3 403 442 443
18 403 443 444
47 403 404 444
98 403 404 443
15 404 443 444
67 404 444 445
54 404 405 445
38 404 405 444
10 405 444 445
29 405 445 446
2 405 406 446
20 405 406 445
80 406 445 446
9 406 446 447
10 406 407 447
51 406 407 446
36 407 446 447
65 407 447 448
66 407 408 448
98 407 408 447
12 408 447 448
10 408 448 449
35 408 409 449
60 408 409 448
9 409 448 449
55 409 449 450
85 409 410 450
80 409 410 449
54 410 449 450
60 410 450 451
15 410 411 451
85 410 411 450
56 411 450 451
42 411 451 452
21 411 412 452
89 411 412 451
42 412 451 452
64 412 452 453
26 412 413 453
77 412 413 452
27 413 452 453
65 413 453 454
93 413 414 454
40 413 414 453
64 414 453 454
87 414 454 455
73 414 415 455
36 414 415 454
3 415 454 455
70 415 455 456
19 415 416 456
45 415 416 455
85 416 455 456
27 416 456 457
94 416 417 457
54 416 417 456
84 417 456 457
44 417 457 458
99 417 418 458
90 417 418 457
96 418 457 458
79 418 458 459
82 418 419 459
35 418 419 458
99 419 458 459
55 419 459 460
63 419 420 460
30 419 420 459
72 420 459 460
98 420 460 461
27 420 421 461
70 420 421 460
50 421 460 461
59 421 461 462
66 421 422 462
47 421 422 461
26 422 461 462
0 422 462 463
26 422 423 463
83 422 423 462
77 423 462 463
41 423 463 464
61 423 424 464
93 423 424 463
84 424 463 464
16 424 464 465
26 424 425 465
7 424 425 464
98 425 464 465
87 425 465 466
72 425 426 466
77 425 426 465
86 426 465 466
68 426 466 467
22 426 427 467
25 426 427 466
48 427 466 467
66 427 467 468
49 427 428 468
10 427 428 467
36 428 467 468
17 428 468 469
8 428 429 469
32 428 429 468
4 429 468 469
89 429 469 470
50 429 430 470
86 429 430 469
17 430 469 470
68 430 470 471
4 430 431 471
96 430 431 470
65 431 470 471
46 431 471 472
82 431 432 472
26 431 432 471
55 432 471 472
67 432 472 473
26 432 433 473
29 432 433 472
60 433 472 473
76 433 473 474
28 433 434 474
31 433 434 473
16 434 473 474
20 434 474 475
94 434 435 475
95 434 435 474
21 435 474 475
61 435 475 476
66 435 436 476
15 435 436 475
86 436 475 476
12 436 476 477
94 436 437 477
95 436 437 476
13 437 476 477
76 437 477 478
33 437 438 478
84 437 438 477
74 438 477 478
2 438 478 479
39 438 439 479
92 438 439 478
62 439 478 479
13 439 479 480
30 439 440 480
45 439 440 479
21 440 479 480
82 441 481 482
32 441 442 482
52 441 442 481
20 442 481 482
59 442 482 483
49 442 443 483
7 442 443 482
35 443 482 483
17 443 483 484
95 443 444 484
68 443 444 483
36 444 483 484
44 444 484 485
71 444 445 485
6 444 445 484
0 445 484 485
36 445 485 486
16 445 446 486
99 445 446 485
9 446 485 486
63 446 486 487
11 446 447 487
16 446 447 486
8 447 486 487
44 447 487 488
58 447 448 488
9 447 448 487
24 448 487 488
35 448 488 489
30 448 449 489
55 448 449 488
6 449 488 489
40 449 489 490
98 449 450 490
14 449 450 489
39 450 489 490
41 450 490 491
99 450 451 491
13 450 451 490
1 451 490 491
30 451 491 492
99 451 452 492
17 451 452 491
4 452 491 492
33 452 492 493
83 452 453 493
9 452 453 492
22 453 492 493
22 453 493 494
15 453 454 494
71 453 454 493
41 454 493 494
49 454 494 495
86 454 455 495
86 454 455 494
63 455 494 495
44 455 495 496
68 455 456 496
23 455 456 495
20 456 495 496
91 456 496 497
93 456 457 497
6 456 457 496
21 457 496 497
87 457 497 498
22 457 458 498
0 457 458 497
70 458 497 498
5 458 498 499
94 458 459 499
55 458 459 498
97 459 498 499
41 459 499 500
84 459 460 500
44 459 460 499
60 460 499 500
44 460 500 501
20 460 461 501
94 460 461 500
80 461 500 501
25 461 501 502
84 461 462 502
25 461 462 501
35 462 501 502
38 462 502 503
70 462 463 503
21 462 463 502
45 463 502 503
59 463 503 504
21 463 464 504
54 463 464 503
40 464 503 504
98 464 504 505
77 464 465 505
35 464 465 504
9 465 504 505
95 465 505 506
0 465 466 506
9 465 466 505
6 466 505 506
20 466 506 507
36 466 467 507
20 466 467 506
60 467 506 507
57 467 507 508
80 467 468 508
22 467 468 507
2 468 507 508
65 468 508 509
48 468 469 509
59 468 469 508
58 469 508 509
20 469 509 510
41 469 470 510
44 469 470 509
71 470 509 510
51 470 510 511
25 470 471 511
85 470 471 510
69 471 510 511
68 471 511 512
95 471 472 512
42 471 472 511
48 472 511 512
23 472 512 513
5 472 473 513
32 472 473 512
65 473 512 513
4 473 513 514
83 473 474 514
98 473 474 513
41 474 513 514
86 474 514 515
87 474 475 515
84 474 475 514
77 475 514 515
48 475 515 516
83 475 476 516
36 475 476 515
30 476 515 516
55 476 516 517
13 476 477 517
97 476 477 516
57 477 516 517
64 477 517 518
32 477 478 518
47 477 478 517
15 478 517 518
61 478 518 519
16 478 479 519
5 478 479 518
90 479 518 519
49 479 519 520
17 479 480 520
100 479 480 519
65 480 519 520
52 481 521 522
60 481 482 522
22 481 482 521
5 482 521 522
25 482 522 523
92 482 483 523
48 482 483 522
89 483 522 523
52 483 523 524
60 483 484 524
23 483 484 523
78 484 523 524
40 484 524 525
79 484 485 525
18 484 485 524
20 485 524 525
73 485 525 526
31 485 486 526
75 485 486 525
58 486 525 526
18 486 526 527
33 486 487 527
70 486 487 526
53 487 526 527
54 487 527 528
16 487 488 528
66 487 488 527
44 488 527 528
55 488 528 529
94 488 489 529
48 488 489 528
64 489 528 529
55 489 529 530
38 489 490 530
40 489 490 529
26 490 529 530
59 490 530 531
97 490 491 531
43 490 491 530
90 491 530 531
59 491 531 532
23 491 492 532
33 491 492 531
8 492 531 532
7 492 532 533
54 492 493 533
88 492 493 532
48 493 532 533
6 493 533 534
86 493 494 534
24 493 494 533
29 494 533 534
27 494 534 535
74 494 495 535
17 494 495 534
66 495 534 535
34 495 535 536
100 495 496 536
63 495 496 535
54 496 535 536
75 496 536 537
1 496 497 537
18 496 497 536
88 497 536 537
69 497 537 538
52 497 498 538
77 497 498 537
80 498 537 538
69 498 538 539
74 498 499 539
66 498 499 538
77 499 538 539
63 499 539 540
37 499 500 540
69 499 500 539
20 500 539 540
46 500 540 541
25 500 501 541
18 500 501 540
55 501 540 541
8 501 541 542
4 501 502 542
54 501 502 541
49 502 541 542
70 502 542 543
73 502 503 543
79 502 503 542
91 503 542 543
47 503 543 544
59 503 504 544
32 503 504 543
4 504 543 544
68 504 544 545
10 504 505 545
42 504 505 544
68 505 544 545
27 505 545 546
73 505 506 546
47 505 506 545
56 506 545 546
99 506 546 547
100 506 507 547
32 506 507 546
53 507 546 547
69 507 547 548
69 507 508 548
59 507 508 547
28 508 547 548
74 508 548 549
100 508 509 549
47 508 509 548
77 509 548 549
6 509 549 550
56 509 510 550
30 509 510 549
43 510 549 550
33 510 550 551
52 510 511 551
36 510 511 550
69 511 550 551
41 511 551 552
45 511 512 552
84 511 512 551
60 512 551 552
92 512 552 553
57 512 513 553
19 512 513 552
38 513 552 553
96 513 553 554
100 513 514 554
5 513 514 553
64 514 553 554
24 514 554 555
90 514 515 555
8 514 515 554
68 515 554 555
95 515 555 556
11 515 516 556
10 515 516 555
17 516 555 556
45 516 556 557
37 516 517 557
22 516 517 556
33 517 556 557
44 517 557 558
59 517 518 558
29 517 518 557
70 518 557 558
85 518 558 559
22 518 519 559
1 518 519 558
36 519 558 559
86 519 559 560
60 519 520 560
68 519 520 559
92 520 559 560
69 521 561 562
23 521 522 562
48 521 522 561
68 522 561 562
35 522 562 563
9 522 523 563
53 522 523 562
66 523 562 563
10 523 563 564
24 523 524 564
1 523 524 563
83 524 563 564
60 524 564 565
32 524 525 565
43 524 525 564
4 525 564 565
8 525 565 566
47 525 526 566
51 525 526 565
66 526 565 566
4 526 566 567
48 526 527 567
65 526 527 566
56 527 566 567
59 527 567 568
0 527 528 568
84 527 528 567
40 528 567 568
84 528 568 569
66 528 529 569
100 528 529 568
9 529 568 569
31 529 569 570
7 529 530 570
45 529 530 569
44 530 569 570
65 530 570 571
31 530 531 571
68 530 531 570
55 531 570 571
43 531 571 572
92 531 532 572
31 531 532 571
20 532 571 572
83 532 572 573
5 532 533 573
84 532 533 572
22 533 572 573
44 533 573 574
85 533 534 574
46 533 534 573
22 534 573 574
8 534 574 575
55 534 535 575
98 534 535 574
15 535 574 575
61 535 575 576
12 535 536 576
28 535 536 575
16 536 575 576
95 536 576 577
9 536 537 577
47 536 537 576
52 537 576 577
0 537 577 578
67 537 538 578
80 537 538 577
12 538 577 578
15 538 578 579
45 538 539 579
32 538 539 578
42 539 578 579
86 539 579 580
22 539 540 580
86 539 540 579
5 540 579 580
90 540 580 581
18 540 541 581
29 540 541 580
25 541 580 581
63 541 581 582
69 541 542 582
55 541 542 581
10 542 581 582
60 542 582 583
80 542 543 583
89 542 543 582
72 543 582 583
83 543 583 584
55 543 544 584
55 543 544 583
21 544 583 584
15 544 584 585
32 544 545 585
62 544 545 584
57 545 584 585
46 545 585 586
68 545 546 586
51 545 546 585
83 546 585 586
73 546 586 587
43 546 547 587
61 546 547 586
9 547 586 587
31 547 587 588
57 547 548 588
38 547 548 587
99 548 587 588
77 548 588 589
11 548 549 589
81 548 549 588
75 549 588 589
28 549 589 590
97 549 550 590
29 549 550 589
95 550 589 590
5 550 590 591
55 550 551 591
87 550 551 590
39 551 590 591
96 551 591 592
95 551 552 592
1 551 552 591
23 552 591 592
47 552 592 593
34 552 553 593
73 552 553 592
50 553 592 593
70 553 593 594
9 553 554 594
89 553 554 593
100 554 593 594
68 554 594 595
32 554 555 595
3 554 555 594
2 555 594 595
61 555 595 596
66 555 556 596
31 555 556 595
46 556 595 596
85 556 596 597
92 556 557 597
92 556 557 596
0 557 596 597
61 557 597 598
3 557 558 598
41 557 558 597
77 558 597 598
15 558 598 599
67 558 559 599
18 558 559 598
87 559 598 599
94 559 599 600
59 559 560 600
85 559 560 599
3 560 599 600
11 561 601 602
33 561 562 602
50 561 562 601
100 562 601 602
47 562 602 603
17 562 563 603
66 562 563 602
76 563 602 603
0 563 603 604
14 563 564 604
31 563 564 603
45 564 603 604
31 564 604 605
16 564 565 605
24 564 565 604
33 565 604 605
43 565 605 606
29 565 566 606
89 565 566 605
99 566 605 606
34 566 606 607
9 566 567 607
62 566 567 606
83 567 606 607
60 567 607 608
73 567 568 608
20 567 568 607
82 568 607 608
21 568 608 609
53 568 569 609
34 568 569 608
66 569 608 609
50 569 609 610
2 569 570 610
9 569 570 609
10 570 609 610
39 570 610 611
35 570 571 611
42 570 571 610
57 571 610 611
67 571 611 612
64 571 572 612
8 571 572 611
76 572 611 612
23 572 612 613
51 572 573 613
94 572 573 612
0 573 612 613
68 573 613 614
75 573 574 614
99 573 574 613
66 574 613 614
24 574 614 615
63 574 575 615
69 574 575 614
75 575 614 615
93 575 615 616
2 575 576 616
64 575 576 615
47 576 615 616
34 576 616 617
78 576 577 617
94 576 577 616
71 577 616 617
20 577 617 618
54 577 578 618
28 577 578 617
49 578 617 618
97 578 618 619
18 578 579 619
21 578 579 618
60 579 618 619
3 579 619 620
60 579 580 620
69 579 580 619
80 580 619 620
86 580 620 621
28 580 581 621
55 580 581 620
7 581 620 621
15 581 621 622
5 581 582 622
21 581 582 621
34 582 621 622
89 582 622 623
91 582 583 623
0 582 583 622
94 583 622 623
26 583 623 624
13 583 584 624
48 583 584 623
16 584 623 624
30 584 624 625
71 584 585 625
85 584 585 624
21 585 624 625
66 585 625 626
29 585 586 626
100 585 586 625
65 586 625 626
77 586 626 627
6 586 587 627
6 586 587 626
28 587 626 627
11 587 627 628
99 587 588 628
22 587 588 627
50 588 627 628
86 588 628 629
48 588 589 629
37 588 589 628
16 589 628 629
65 589 629 630
87 589 590 630
23 589 590 629
34 590 629 630
95 590 630 631
43 590 591 631
47 590 591 630
91 591 630 631
9 591 631 632
46 591 592 632
42 591 592 631
59 592 631 632
99 592 632 633
57 592 593 633
27 592 593 632
92 593 632 633
90 593 633 634
42 593 594 634
64 593 594 633
43 594 633 634
86 594 634 635
48 594 595 635
96 594 595 634
36 595 634 635
8 595 635 636
16 595 596 636
16 595 596 635
97 596 635 636
46 596 636 637
63 596 597 637
97 596 597 636
61 597 636 637
63 597 637 638
92 597 598 638
89 597 598 637
13 598 637 638
49 598 638 639
48 598 599 639
27 598 599 638
95 599 638 639
65 599 639 640
55 599 600 640
83 599 600 639
50 600 639 640
10 601 641 642
47 601 602 642
55 601 602 641
83 602 641 642
7 602 642 643
17 602 603 643
58 602 603 642
42 603 642 643
36 603 643 644
48 603 604 644
30 603 604 643
98 604 643 644
61 604 644 645
85 604 605 645
28 604 605 644
5 605 644 645
91 605 645 646
49 605 606 646
7 605 606 645
19 606 645 646
63 606 646 647
48 606 607 647
55 606 607 646
36 607 646 647
19 607 647 648
35 607 608 648
82 607 608 647
68 608 647 648
72 608 648 649
76 608 609 649
30 608 609 648
27 609 648 649
73 609 649 650
2 609 610 650
13 609 610 649
49 610 649 650
18 610 650 651
99 610 611 651
21 610 611 650
88 611 650 651
82 611 651 652
84 611 612 652
38 611 612 651
86 612 651 652
13 612 652 653
84 612 613 653
57 612 613 652
9 613 652 653
13 613 653 654
10 613 614 654
66 613 614 653
82 614 653 654
16 614 654 655
67 614 615 655
68 614 615 654
87 615 654 655
65 615 655 656
73 615 616 656
62 615 616 655
49 616 655 656
100 616 656 657
71 616 617 657
31 616 617 656
57 617 656 657
46 617 657 658
78 617 618 658
33 617 618 657
7 618 657 658
16 618 658 659
88 618 619 659
15 618 619 658
41 619 658 659
55 619 659 660
85 619 620 660
42 619 620 659
93 620 659 660
37 620 660 661
52 620 621 661
41 620 621 660
95 621 660 661
98 621 661 662
100 621 622 662
15 621 622 661
72 622 661 662
35 622 662 663
100 622 623 663
93 622 623 662
2 623 662 663
23 623 663 664
89 623 624 664
25 623 624 663
28 624 663 664
26 624 664 665
57 624 625 665
98 624 625 664
7 625 664 665
30 625 665 666
47 625 626 666
87 625 626 665
57 626 665 666
32 626 666 667
82 626 627 667
1 626 627 666
29 627 666 667
25 627 667 668
24 627 628 668
51 627 628 667
74 628 667 668
45 628 668 669
40 628 629 669
48 628 629 668
62 629 668 669
25 629 669 670
2 629 630 670
71 629 630 669
46 630 669 670
96 630 670 671
77 630 631 671
96 630 631 670
58 631 670 671
76 631 671 672
48 631 632 672
99 631 632 671
100 632 671 672
35 632 672 673
20 632 633 673
72 632 633 672
14 633 672 673
93 633 673 674
19 633 634 674
68 633 634 673
97 634 673 674
88 634 674 675
37 634 635 675
33 634 635 674
3 635 674 675
51 635 675 676
94 635 636 676
68 635 636 675
0 636 675 676
6 636 676 677
2 636 637 677
54 636 637 676
27 637 676 677
81 637 677 678
86 637 638 678
89 637 638 677
83 638 677 678
98 638 678 679
70 638 639 679
9 638 639 678
81 639 678 679
55 639 679 680
74 639 640 680
43 639 640 679
51 640 679 680
65 641 681 682
52 641 642 682
3 641 642 681
2 642 681 682
33 642 682 683
72 642 643 683
64 642 643 682
93 643 682 683
82 643 683 684
80 643 644 684
59 643 644 683
76 644 683 684
82 644 684 685
55 644 645 685
22 644 645 684
72 645 684 685
61 645 685 686
54 645 646 686
50 645 646 685
49 646 685 686
49 646 686 687
92 646 647 687
88 646 647 686
86 647 686 687
22 647 687 688
76 647 648 688
6 647 648 687
100 648 687 688
22 648 688 689
65 648 649 689
48 648 649 688
80 649 688 689
17 649 689 690
49 649 650 690
26 649 650 689
29 650 689 690
77 650 690 691
79 650 651 691
51 650 651 690
82 651 690 691
24 651 691 692
99 651 652 692
58 651 652 691
17 652 691 692
70 652 692 693
28 652 653 693
7 652 653 692
71 653 692 693
96 653 693 694
18 653 654 694
25 653 654 693
51 654 693 694
0 654 694 695
92 654 655 695
75 654 655 694
6 655 694 695
76 655 695 696
99 655 656 696
44 655 656 695
90 656 695 696
65 656 696 697
14 656 657 697
82 656 657 696
95 657 696 697
7 657 697 698
27 657 658 698
2 657 658 697
88 658 697 698
86 658 698 699
83 658 659 699
58 658 659 698
15 659 698 699
27 659 699 700
95 659 660 700
77 659 660 699
76 660 699 700
7 660 700 701
41 660 661 701
11 660 661 700
1 661 700 701
33 661 701 702
76 661 662 702
62 661 662 701
2 662 701 702
74 662 702 703
89 662 663 703
7 662 663 702
69 663 702 703
13 663 703 704
31 663 664 704
10 663 664 703
22 664 703 704
85 664 704 705
19 664 665 705
82 664 665 704
24 665 704 705
84 665 705 706
35 665 666 706
97 665 666 705
72 666 705 706
66 666 706 707
27 666 667 707
42 666 667 706
47 667 706 707
78 667 707 708
17 667 668 708
85 667 668 707
77 668 707 708
59 668 708 709
81 668 669 709
19 668 669 708
18 669 708 709
0 669 709 710
6 669 670 710
79 669 670 709
75 670 709 710
37 670 710 711
30 670 671 711
61 670 671 710
32 671 710 711
46 671 711 712
8 671 672 712
28 671 672 711
14 672 711 712
30 672 712 713
42 672 673 713
27 672 673 712
75 673 712 713
97 673 713 714
78 673 674 714
41 673 674 713
91 674 713 714
25 674 714 715
89 674 675 715
94 674 675 714
46 675 714 715
69 675 715 716
23 675 676 716
41 675 676 715
91 676 715 716
81 676 716 717
85 676 677 717
20 676 677 716
85 677 716 717
26 677 717 718
77 677 678 718
66 677 678 717
19 678 717 718
20 678 718 719
48 678 679 719
16 678 679 718
48 679 718 719
23 679 719 720
8 679 680 720
7 679 680 719
94 680 719 720
27 681 721 722
39 681 682 722
5 681 682 721
20 682 721 722
64 682 722 723
91 682 683 723
15 682 683 722
90 683 722 723
66 683 723 724
18 683 684 724
81 683 684 723
15 684 723 724
84 684 724 725
82 684 685 725
7 684 685 724
46 685 724 725
29 685 725 726
65 685 686 726
79 685 686 725
1 686 725 726
30 686 726 727
82 686 687 727
76 686 687 726
89 687 726 727
53 687 727 728
2 687 688 728
58 687 688 727
26 688 727 728
70 688 728 729
85 688 689 729
36 688 689 728
63 689 728 729
53 689 729 730
52 689 690 730
77 689 690 729
0 690 729 730
91 690 730 731
9 690 691 731
81 690 691 730
55 691 730 731
31 691 731 732
36 691 692 732
17 691 692 731
48 692 731 732
50 692 732 733
45 692 693 733
14 692 693 732
34 693 732 733
73 693 733 734
84 693 694 734
33 693 694 733
33 694 733 734
26 694 734 735
61 694 695 735
9 694 695 734
80 695 734 735
83 695 735 736
76 695 696 736
81 695 696 735
31 696 735 736
81 696 736 737
25 696 697 737
47 696 697 736
65 697 736 737
78 697 737 738
42 697 698 738
21 697 698 737
13 698 737 738
72 698 738 739
45 698 699 739
76 698 699 738
53 699 738 739
14 699 739 740
89 699 700 740
51 699 700 739
35 700 739 740
41 700 740 741
72 700 701 741
94 700 701 740
79 701 740 741
83 701 741 742
89 701 702 742
76 701 702 741
66 702 741 742
37 702 742 743
56 702 703 743
65 702 703 742
88 703 742 743
8 703 743 744
35 703 704 744
46 703 704 743
56 704 743 744
22 704 744 745
6 704 705 745
1 704 705 744
82 705 744 745
69 705 745 746
40 705 706 746
73 705 706 745
93 706 745 746
39 706 746 747
93 706 707 747
22 706 707 746
57 707 746 747
77 707 747 748
3 707 708 748
29 707 708 747
67 708 747 748
35 708 748 749
93 708 709 749
53 708 709 748
83 709 748 749
32 709 749 750
47 709 710 750
55 709 710 749
85 710 749 750
77 710 750 751
22 710 711 751
85 710 711 750
31 711 750 751
41 711 751 752
89 711 712 752
79 711 712 751
6 712 751 752
94 712 752 753
14 712 713 753
74 712 713 752
23 713 752 753
96 713 753 754
26 713 714 754
87 713 714 753
12 714 753 754
82 714 754 755
92 714 715 755
88 714 715 754
92 715 754 755
26 715 755 756
14 715 716 756
8 715 716 755
42 716 755 756
87 716 756 757
5 716 717 757
86 716 717 756
77 717 756 757
25 717 757 758
29 717 718 758
51 717 718 757
97 718 757 758
76 718 758 759
99 718 719 759
22 718 719 758
52 719 758 759
8 719 759 760
92 719 720 760
46 719 720 759
79 720 759 760
86 721 761 762
60 721 722 762
60 721 722 761
89 722 761 762
16 722 762 763
64 722 723 763
86 722 723 762
69 723 762 763
9 723 763 764
81 723 724 764
93 723 724 763
90 724 763 764
16 724 764 765
54 724 725 765
1 724 725 764
54 725 764 765
88 725 765 766
63 725 726 766
39 725 726 765
95 726 765 766
7 726 766 767
88 726 727 767
78 726 727 766
32 727 766 767
46 727 767 768
48 727 728 768
86 727 728 767
91 728 767 768
58 728 768 769
29 728 729 769
27 728 729 768
51 729 768 769
89 729 769 770
52 729 730 770
39 729 730 769
26 730 769 770
67 730 770 771
42 730 731 771
19 730 731 770
1 731 770 771
42 731 771 772
22 731 732 772
94 731 732 771
62 732 771 772
99 732 772 773
1 732 733 773
13 732 733 772
99 733 772 773
15 733 773 774
83 733 734 774
90 733 734 773
0 734 773 774
24 734 774 775
18 734 735 775
7 734 735 774
19 735 774 775
16 735 775 776
8 735 736 776
85 735 736 775
95 736 775 776
31 736 776 777
67 736 737 777
38 736 737 776
15 737 776 777
13 737 777 778
80 737 738 778
91 737 738 777
59 738 777 778
33 738 778 779
5 738 739 779
22 738 739 778
2 739 778 779
89 739 779 780
94 739 740 780
17 739 740 779
80 740 779 780
60 740 780 781
58 740 741 781
12 740 741 780
32 741 780 781
59 741 781 782
9 741 742 782
19 741 742 781
72 742 781 782
92 742 782 783
38 742 743 783
54 742 743 782
33 743 782 783
99 743 783 784
66 743 744 784
6 743 744 783
39 744 783 784
59 744 784 785
49 744 745 785
3 744 745 784
98 745 784 785
96 745 785 786
99 745 746 786
71 745 746 785
56 746 785 786
62 746 786 787
78 746 747 787
4 746 747 786
2 747 786 787
25 747 787 788
57 747 748 788
44 747 748 787
51 748 787 788
59 748 788 789
58 748 749 789
60 748 749 788
84 749 788 789
79 749 789 790
18 749 750 790
6 749 750 789
63 750 789 790
41 750 790 791
24 750 751 791
49 750 751 790
56 751 790 791
99 751 791 792
57 751 752 792
30 751 752 791
54 752 791 792
30 752 792 793
10 752 753 793
3 752 753 792
41 753 792 793
55 753 793 794
96 753 754 794
68 753 754 793
3 754 793 794
52 754 794 795
98 754 755 795
93 754 755 794
48 755 794 795
48 755 795 796
18 755 756 796
64 755 756 795
88 756 795 796
56 756 796 797
80 756 757 797
88 756 757 796
2 757 796 797
21 757 797 798
87 757 758 798
67 757 758 797
53 758 797 798
28 758 798 799
43 758 759 799
13 758 759 798
37 759 798 799
84 759 799 800
100 759 760 800
58 759 760 799
8 760 799 800
39 761 801 802
83 761 762 802
93 761 762 801
82 762 801 802
29 762 802 803
66 762 763 803
18 762 763 802
72 763 802 803
84 763 803 804
58 763 764 804
95 763 764 803
41 764 803 804
21 764 804 805
70 764 765 805
52 764 765 804
30 765 804 805
93 765 805 806
39 765 766 806
1 765 766 805
85 766 805 806
22 766 806 807
93 766 767 807
85 766 767 806
98 767 806 807
31 767 807 808
23 767 768 808
58 767 768 807
65 768 807 808
56 768 808 809
1 768 769 809
62 768 769 808
39 769 808 809
91 769 809 810
50 769 770 810
28 769 770 809
74 770 809 810
51 770 810 811
1 770 771 811
19 770 771 810
76 771 810 811
69 771 811 812
72 771 772 812
89 771 772 811
63 772 811 812
31 772 812 813
37 772 773 813
6 772 773 812
43 773 812 813
31 773 813 814
54 773 774 814
3 773 774 813
43 774 813 814
29 774 814 815
61 774 775 815
71 774 775 814
42 775 814 815
43 775 815 816
30 775 776 816
14 775 776 815
77 776 815 816
96 776 816 817
29 776 777 817
99 776 777 816
14 777 816 817
82 777 817 818
27 777 778 818
16 777 778 817
2 778 817 818
0 778 818 819
98 778 779 819
17 778 779 818
100 779 818 819
97 779 819 820
69 779 780 820
4 779 780 819
2 780 819 820
28 780 820 821
5 780 781 821
35 780 781 820
95 781 820 821
90 781 821 822
99 781 782 822
10 781 782 821
43 782 821 822
4 782 822 823
28 782 783 823
75 782 783 822
78 783 822 823
4 783 823 824
30 783 784 824
38 783 784 823
18 784 823 824
28 784 824 825
34 784 785 825
27 784 785 824
1 785 824 825
94 785 825 826
4 785 786 826
27 785 786 825
17 786 825 826
34 786 826 827
14 786 787 827
42 786 787 826
94 787 826 827
13 787 827 828
5 787 788 828
90 787 788 827
64 788 827 828
74 788 828 829
90 788 789 829
57 788 789 828
49 789 828 829
8 789 829 830
46 789 790 830
3 789 790 829
86 790 829 830
82 790 830 831
21 790 791 831
42 790 791 830
61 791 830 831
84 791 831 832
50 791 792 832
62 791 792 831
81 792 831 832
21 792 832 833
18 792 793 833
97 792 793 832
53 793 832 833
65 793 833 834
11 793 794 834
78 793 794 833
36 794 833 834
38 794 834 835
13 794 795 835
64 794 795 834
35 795 834 835
53 795 835 836
41 795 796 836
72 795 796 835
82 796 835 836
74 796 836 837
68 796 797 837
28 796 797 836
16 797 836 837
93 797 837 838
43 797 798 838
81 797 798 837
37 798 837 838
95 798 838 839
54 798 799 839
81 798 799 838
98 799 838 839
34 799 839 840
33 799 800 840
94 799 800 839
84 800 839 840
2 801 841 842
24 801 802 842
25 801 802 841
21 802 841 842
72 802 842 843
29 802 803 843
9 802 803 842
63 803 842 843
64 803 843 844
59 803 804 844
58 803 804 843
24 804 843 844
59 804 844 845
17 804 805 845
58 804 805 844
21 805 844 845
84 805 845 846
99 805 806 846
98 805 806 845
16 806 845 846
92 806 846 847
48 806 807 847
22 806 807 846
59 807 846 847
15 807 847 848
22 807 808 848
57 807 808 847
75 808 847 848
35 808 848 849
79 808 809 849
90 808 809 848
55 809 848 849
56 809 849 850
22 809 810 850
3 809 810 849
76 810 849 850
61 810 850 851
9 810 811 851
98 810 811 850
26 811 850 851
12 811 851 852
76 811 812 852
19 811 812 851
71 812 851 852
88 812 852 853
84 812 813 853
83 812 813 852
39 813 852 853
89 813 853 854
27 813 814 854
19 813 814 853
69 814 853 854
64 814 854 855
6 814 815 855
82 814 815 854
60 815 854 855
8 815 855 856
92 815 816 856
70 815 816 855
37 816 855 856
92 816 856 857
59 816 817 857
0 816 817 856
74 817 856 857
19 817 857 858
35 817 818 858
14 817 818 857
22 818 857 858
86 818 858 859
4 818 819 859
37 818 819 858
13 819 858 859
45 819 859 860
39 819 820 860
32 819 820 859
71 820 859 860
45 820 860 861
18 820 821 861
68 820 821 860
94 821 860 861
81 821 861 862
72 821 822 862
41 821 822 861
31 822 861 862
49 822 862 863
1 822 823 863
34 822 823 862
91 823 862 863
20 823 863 864
84 823 824 864
94 823 824 863
47 824 863 864
21 824 864 865
12 824 825 865
69 824 825 864
6 825 864 865
26 825 865 866
82 825 826 866
71 825 826 865
97 826 865 866
69 826 866 867
85 826 827 867
84 826 827 866
4 827 866 867
88 827 867 868
9 827 828 868
20 827 828 867
7 828 867 868
97 828 868 869
16 828 829 869
64 828 829 868
23 829 868 869
22 829 869 870
37 829 830 870
42 829 830 869
32 830 869 870
56 830 870 871
45 830 831 871
83 830 831 870
58 831 870 871
72 831 871 872
95 831 832 872
97 831 832 871
54 832 871 872
22 832 872 873
83 832 833 873
33 832 833 872
52 833 872 873
80 833 873 874
78 833 834 874
78 833 834 873
52 834 873 874
8 834 874 875
15 834 835 875
43 834 835 874
16 835 874 875
37 835 875 876
80 835 836 876
93 835 836 875
95 836 875 876
31 836 876 877
20 836 837 877
57 836 837 876
80 837 876 877
97 837 877 878
5 837 838 878
23 837 838 877
91 838 877 878
29 838 878 879
38 838 839 879
73 838 839 878
7 839 878 879
39 839 879 880
98 839 840 880
93 839 840 879
99 840 879 880
58 841 881 882
3 841 842 882
1 841 842 881
99 842 881 882
27 842 882 883
61 842 843 883
67 842 843 882
16 843 882 883
69 843 883 884
61 843 844 884
10 843 844 883
5 844 883 884
25 844 884 885
15 844 845 885
4 844 845 884
23 845 884 885
18 845 885 886
60 845 846 886
44 845 846 885
19 846 885 886
70 846 886 887
15 846 847 887
62 846 847 886
14 847 886 887
17 847 887 888
4 847 848 888
36 847 848 887
35 848 887 888
60 848 888 889
97 848 849 889
86 848 849 888
1 849 888 889
84 849 889 890
61 849 850 890
61 849 850 889
97 850 889 890
43 850 890 891
66 850 851 891
37 850 851 890
18 851 890 891
84 851 891 892
35 851 852 892
82 851 852 891
77 852 891 892
51 852 892 893
10 852 853 893
46 852 853 892
28 853 892 893
68 853 893 894
61 853 854 894
21 853 854 893
54 854 893 894
89 854 894 895
50 854 855 895
52 854 855 894
15 855 894 895
94 855 895 896
30 855 856 896
49 855 856 895
46 856 895 896
24 856 896 897
46 856 857 897
63 856 857 896
67 857 896 897
23 857 897 898
54 857 858 898
33 857 858 897
91 858 897 898
34 858 898 899
20 858 859 899
60 858 859 898
21 859 898 899
66 859 899 900
83 859 860 900
11 859 860 899
93 860 899 900
64 860 900 901
59 860 861 901
40 860 861 900
84 861 900 901
32 861 901 902
22 861 862 902
79 861 862 901
53 862 901 902
96 862 902 903
84 862 863 903
73 862 863 902
42 863 902 903
90 863 903 904
83 863 864 904
90 863 864 903
40 864 903 904
21 864 904 905
41 864 865 905
47 864 865 904
52 865 904 905
25 865 905 906
32 865 866 906
52 865 866 905
40 866 905 906
25 866 906 907
86 866 867 907
10 866 867 906
91 867 906 907
55 867 907 908
43 867 868 908
7 867 868 907
16 868 907 908
49 868 908 909
64 868 869 909
30 868 869 908
32 869 908 909
72 869 909 910
66 869 870 910
25 869 870 909
9 870 909 910
26 870 910 911
44 870 871 911
70 870 871 910
4 871 910 911
25 871 911 912
52 871 872 912
98 871 872 911
55 872 911 912
41 872 912 913
11 872 873 913
82 872 873 912
68 873 912 913
76 873 913 914
7 873 874 914
62 873 874 913
75 874 913 914
43 874 914 915
60 874 875 915
85 874 875 914
94 875 914 915
45 875 915 916
83 875 876 916
12 875 876 915
18 876 915 916
15 876 916 917
56 876 877 917
78 876 877 916
34 877 916 917
77 877 917 918
47 877 878 918
21 877 878 917
31 878 917 918
100 878 918 919
96 878 879 919
13 878 879 918
45 879 918 919
37 879 919 920
70 879 880 920
49 879 880 919
85 880 919 920
67 881 921 922
97 881 882 922
69 881 882 921
16 882 921 922
50 882 922 923
26 882 883 923
34 882 883 922
61 883 922 923
45 883 923 924
6 883 884 924
25 883 884 923
89 884 923 924
41 884 924 925
55 884 885 925
84 884 885 924
20 885 924 925
26 885 925 926
97 885 886 926
17 885 886 925
1 886 925 926
9 886 926 927
14 886 887 927
60 886 887 926
84 887 926 927
31 887 927 928
23 887 888 928
76 887 888 927
36 888 927 928
76 888 928 929
69 888 889 929
9 888 889 928
8 889 928 929
20 889 929 930
81 889 890 930
32 889 890 929
78 890 929 930
91 890 930 931
19 890 891 931
60 890 891 930
99 891 930 931
47 891 931 932
60 891 892 932
22 891 892 931
98 892 931 932
45 892 932 933
81 892 893 933
81 892 893 932
73 893 932 933
72 893 933 934
76 893 894 934
17 893 894 933
0 894 933 934
13 894 934 935
8 894 895 935
86 894 895 934
97 895 934 935
24 895 935 936
98 895 896 936
13 895 896 935
1 896 935 936
30 896 936 937
90 896 897 937
79 896 897 936
61 897 936 937
45 897 937 938
81 897 898 938
52 897 898 937
47 898 937 938
96 898 938 939
30 898 899 939
27 898 899 938
9 899 938 939
88 899 939 940
75 899 900 940
53 899 900 939
47 900 939 940
80 900 940 941
57 900 901 941
11 900 901 940
41 901 940 941
50 901 941 942
30 901 902 942
43 901 902 941
31 902 941 942
12 902 942 943
21 902 903 943
3 902 903 942
57 903 942 943
75 903 943 944
81 903 904 944
74 903 904 943
69 904 943 944
37 904 944 945
79 904 905 945
15 904 905 944
65 905 944 945
27 905 945 946
31 905 906 946
30 905 906 945
86 906 945 946
84 906 946 947
67 906 907 947
76 906 907 946
69 907 946 947
20 907 947 948
43 907 908 948
93 907 908 947
26 908 947 948
12 908 948 949
21 908 909 949
22 908 909 948
1 909 948 949
37 909 949 950
85 909 910 950
85 909 910 949
71 910 949 950
65 910 950 951
44 910 911 951
69 910 911 950
2 911 950 951
42 911 951 952
35 911 912 952
47 911 912 951
37 912 951 952
93 912 952 953
86 912 913 953
46 912 913 952
12 913 952 953
71 913 953 954
27 913 914 954
90 913 914 953
95 914 953 954
19 914 954 955
29 914 915 955
34 914 915 954
46 915 954 955
61 915 955 956
68 915 916 956
99 915 916 955
80 916 955 956
67 916 956 957
95 916 917 957
94 916 917 956
66 917 956 957
6 917 957 958
82 917 918 958
21 917 918 957
87 918 957 958
61 918 958 959
37 918 919 959
38 918 919 958
26 919 958 959
39 919 959 960
91 919 920 960
8 919 920 959
87 920 959 960
43 921 961 962
37 921 922 962
19 921 922 961
92 922 961 962
62 922 962 963
72 922 923 963
62 922 923 962
63 923 962 963
55 923 963 964
82 923 924 964
43 923 924 963
13 924 963 964
99 924 964 965
41 924 925 965
72 924 925 964
3 925 964 965
72 925 965 966
82 925 926 966
23 925 926 965
85 926 965 966
83 926 966 967
66 926 927 967
90 926 927 966
12 927 966 967
92 927 967 968
58 927 928 968
86 927 928 967
92 928 967 968
19 928 968 969
58 928 929 969
57 928 929 968
35 929 968 969
63 929 969 970
6 929 930 970
57 929 930 969
14 930 969 970
9 930 970 971
70 930 931 971
64 930 931 970
63 931 970 971
100 931 971 972
86 931 932 972
88 931 932 971
34 932 971 972
25 932 972 973
56 932 933 973
35 932 933 972
9 933 972 973
29 933 973 974
58 933 934 974
42 933 934 973
76 934 973 974
52 934 974 975
98 934 935 975
97 934 935 974
62 935 974 975
49 935 975 976
5 935 936 976
10 935 936 975
96 936 975 976
96 936 976 977
99 936 937 977
100 936 937 976
27 937 976 977
57 937 977 978
87 937 938 978
7 937 938 977
44 938 977 978
16 938 978 979
26 938 939 979
72 938 939 978
59 939 978 979
91 939 979 980
50 939 940 980
28 939 940 979
77 940 979 980
28 940 980 981
89 940 941 981
13 940 941 980
46 941 980 981
85 941 981 982
62 941 942 982
8 941 942 981
50 942 981 982
90 942 982 983
77 942 943 983
43 942 943 982
94 943 982 983
98 943 983 984
93 943 944 984
93 943 944 983
31 944 983 984
13 944 984 985
26 944 945 985
23 944 945 984
22 945 984 985
98 945 985 986
34 945 946 986
21 945 946 985
10 946 985 986
44 946 986 987
88 946 947 987
47 946 947 986
100 947 986 987
27 947 987 988
51 947 948 988
29 947 948 987
61 948 987 988
93 948 988 989
92 948 949 989
30 948 949 988
99 949 988 989
58 949 989 990
21 949 950 990
76 949 950 989
88 950 989 990
22 950 990 991
46 950 951 991
66 950 951 990
28 951 990 991
89 951 991 992
38 951 952 992
95 951 952 991
73 952 991 992
62 952 992 993
11 952 953 993
7 952 953 992
65 953 992 993
73 953 993 994
42 953 954 994
99 953 954 993
83 954 993 994
50 954 994 995
85 954 955 995
82 954 955 994
61 955 994 995
29 955 995 996
69 955 956 996
44 955 956 995
52 956 995 996
65 956 996 997
11 956 957 997
31 956 957 996
25 957 996 997
90 957 997 998
86 957 958 998
71 957 958 997
57 958 997 998
21 958 998 999
62 958 959 999
73 958 959 998
32 959 998 999
98 959 999 1000
46 959 960 1000
5 959 960 999
9 960 999 1000
83 961 1001 1002
42 961 962 1002
44 961 962 1001
97 962 1001 1002
11 962 1002 1003
36 962 963 1003
72 962 963 1002
73 963 1002 1003
31 963 1003 1004
52 963 964 1004
59 963 964 1003
84 964 1003 1004
48 964 1004 1005
61 964 965 1005
49 964 965 1004
51 965 1004 1005
33 965 1005 1006
45 965 966 1006
93 965 966 1005
71 966 1005 1006
78 966 1006 1007
45 966 967 1007
89 966 967 1006
78 967 1006 1007
44 967 1007 1008
52 967 968 1008
90 967 968 1007
59 968 1007 1008
71 968 1008 1009
86 968 969 1009
82 968 969 1008
30 969 1008 1009
44 969 1009 1010
26 969 970 1010
63 969 970 1009
51 970 1009 1010
0 970 1010 1011
46 970 971 1011
59 970 971 1010
25 971 1010 1011
36 971 1011 1012
46 971 972 1012
54 971 972 1011
90 972 1011 1012
60 972 1012 1013
92 972 973 1013
34 972 973 1012
2 973 1012 1013
55 973 1013 1014
6 973 974 1014
10 973 974 1013
94 974 1013 1014
63 974 1014 1015
90 974 975 1015
11 974 975 1014
15 975 1014 1015
24 975 1015 1016
26 975 976 1016
0 975 976 1015
90 976 1015 1016
62 976 1016 1017
4 976 977 1017
33 976 977 1016
8 977 1016 1017
14 977 1017 1018
38 977 978 1018
39 977 978 1017
22 978 1017 1018
3 978 1018 1019
52 978 979 1019
68 978 979 1018
23 979 1018 1019
73 979 1019 1020
38 979 980 1020
72 979 980 1019
87 980 1019 1020
59 980 1020 1021
14 980 981 1021
3 980 981 1020
68 981 1020 1021
45 981 1021 1022
3 981 982 1022
26 981 982 1021
70 982 1021 1022
59 982 1022 1023
30 982 983 1023
19 982 983 1022
81 983 1022 1023
17 983 1023 1024
11 983 984 1024
59 983 984 1023
6 984 1023 1024
59 984 1024 1025
94 984 985 1025
62 984 985 1024
89 985 1024 1025
68 985 1025 1026
19 985 986 1026
14 985 986 1025
81 986 1025 1026
73 986 1026 1027
66 986 987 1027
57 986 987 1026
16 987 1026 1027
67 987 1027 1028
8 987 988 1028
85 987 988 1027
84 988 1027 1028
26 988 1028 1029
61 988 989 1029
49 988 989 1028
33 989 1028 1029
82 989 1029 1030
20 989 990 1030
72 989 990 1029
73 990 1029 1030
94 990 1030 1031
94 990 991 1031
51 990 991 1030
27 991 1030 1031
39 991 1031 1032
33 991 992 1032
92 991 992 1031
3 992 1031 1032
61 992 1032 1033
37 992 993 1033
80 992 993 1032
29 993 1032 1033
4 993 1033 1034
62 993 994 1034
5 993 994 1033
25 994 1033 1034
76 994 1034 1035
5 994 995 1035
30 994 995 1034
94 995 1034 1035
16 995 1035 1036
86 995 996 1036
94 995 996 1035
63 996 1035 1036
64 996 1036 1037
44 996 997 1037
52 996 997 1036
54 997 1036 1037
40 997 1037 1038
91 997 998 1038
17 997 998 1037
26 998 1037 1038
9 998 1038 1039
21 998 999 1039
71 998 999 1038
20 999 1038 1039
93 999 1039 1040
97 999 1000 1040
88 999 1000 1039
97 1000 1039 1040
62 1001 1041 1042
23 1001 1002 1042
4 1001 1002 1041
7 1002 1041 1042
81 1002 1042 1043
71 1002 1003 1043
90 1002 1003 1042
70 1003 1042 1043
7 1003 1043 1044
51 1003 1004 1044
89 1003 1004 1043
12 1004 1043 1044
72 1004 1044 1045
72 1004 1005 1045
43 1004 1005 1044
87 1005 1044 1045
16 1005 1045 1046
72 1005 1006 1046
71 1005 1006 1045
68 1006 1045 1046
12 1006 1046 1047
28 1006 1007 1047
82 1006 1007 1046
40 1007 1046 1047
65 1007 1047 1048
95 1007 1008 1048
73 1007 1008 1047
73 1008 1047 1048
90 1008 1048 1049
35 1008 1009 1049
71 1008 1009 1048
51 1009 1048 1049
53 1009 1049 1050
30 1009 1010 1050
84 1009 1010 1049
25 1010 1049 1050
55 1010 1050 1051
26 1010 1011 1051
52 1010 1011 1050
51 1011 1050 1051
86 1011 1051 1052
53 1011 1012 1052
6 1011 1012 1051
28 1012 1051 1052
76 1012 1052 1053
94 1012 1013 1053
59 1012 1013 1052
16 1013 1052 1053
93 1013 1053 1054
85 1013 1014 1054
68 1013 1014 1053
37 1014 1053 1054
1 1014 1054 1055
57 1014 1015 1055
48 1014 1015 1054
75 1015 1054 1055
23 1015 1055 1056
79 1015 1016 1056
46 1015 1016 1055
57 1016 1055 1056
3 1016 1056 1057
3 1016 1017 1057
80 1016 1017 1056
13 1017 1056 1057
6 1017 1057 1058
88 1017 1018 1058
5 1017 1018 1057
12 1018 1057 1058
66 1018 1058 1059
26 1018 1019 1059
31 1018 1019 1058
13 1019 1058 1059
12 1019 1059 1060
22 1019 1020 1060
59 1019 1020 1059
57 1020 1059 1060
74 1020 1060 1061
20 1020 1021 1061
97 1020 1021 1060
76 1021 1060 1061
65 1021 1061 1062
72 1021 1022 1062
62 1021 1022 1061
95 1022 1061 1062
46 1022 1062 1063
58 1022 1023 1063
40 1022 1023 1062
30 1023 1062 1063
69 1023 1063 1064
23 1023 1024 1064
19 1023 1024 1063
16 1024 1063 1064
5 1024 1064 1065
25 1024 1025 1065
77 1024 1025 1064
14 1025 1064 1065
48 1025 1065 1066
54 1025 1026 1066
82 1025 1026 1065
41 1026 1065 1066
19 1026 1066 1067
67 1026 1027 1067
62 1026 1027 1066
22 1027 1066 1067
32 1027 1067 1068
79 1027 1028 1068
21 1027 1028 1067
15 1028 1067 1068
27 1028 1068 1069
40 1028 1029 1069
78 1028 1029 1068
1 1029 1068 1069
18 1029 1069 1070
46 1029 1030 1070
59 1029 1030 1069
18 1030 1069 1070
52 1030 1070 1071
75 1030 1031 1071
95 1030 1031 1070
70 1031 1070 1071
97 1031 1071 1072
82 1031 1032 1072
71 1031 1032 1071
57 1032 1071 1072
93 1032 1072 1073
6 1032 1033 1073
63 1032 1033 1072
67 1033 1072 1073
56 1033 1073 1074
56 1033 1034 1074
56 1033 1034 1073
42 1034 1073 1074
6 1034 1074 1075
16 1034 1035 1075
29 1034 1035 1074
8 1035 1074 1075
96 1035 1075 1076
83 1035 1036 1076
72 1035 1036 1075
81 1036 1075 1076
35 1036 1076 1077
39 1036 1037 1077
59 1036 1037 1076
13 1037 1076 1077
84 1037 1077 1078
30 1037 1038 1078
56 1037 1038 1077
72 1038 1077 1078
90 1038 1078 1079
51 1038 1039 1079
33 1038 1039 1078
89 1039 1078 1079
53 1039 1079 1080
20 1039 1040 1080
23 1039 1040 1079
14 1040 1079 1080
83 1041 1081 1082
100 1041 1042 1082
42 1041 1042 1081
99 1042 1081 1082
54 1042 1082 1083
99 1042 1043 1083
44 1042 1043 1082
11 1043 1082 1083
4 1043 1083 1084
26 1043 1044 1084
51 1043 1044 1083
68 1044 1083 1084
68 1044 1084 1085
58 1044 1045 1085
25 1044 1045 1084
20 1045 1084 1085
79 1045 1085 1086
17 1045 1046 1086
97 1045 1046 1085
10 1046 1085 1086
100 1046 1086 1087
75 1046 1047 1087
95 1046 1047 1086
5 1047 1086 1087
70 1047 1087 1088
25 1047 1048 1088
22 1047 1048 1087
83 1048 1087 1088
38 1048 1088 1089
9 1048 1049 1089
22 1048 1049 1088
23 1049 1088 1089
65 1049 1089 1090
31 1049 1050 1090
6 1049 1050 1089
58 1050 1089 1090
95 1050 1090 1091
90 1050 1051 1091
21 1050 1051 1090
31 1051 1090 1091
56 1051 1091 1092
37 1051 1052 1092
29 1051 1052 1091
60 1052 1091 1092
92 1052 1092 1093
7 1052 1053 1093
7 1052 1053 1092
74 1053 1092 1093
28 1053 1093 1094
3 1053 1054 1094
11 1053 1054 1093
40 1054 1093 1094
2 1054 1094 1095
16 1054 1055 1095
48 1054 1055 1094
27 1055 1094 1095
57 1055 1095 1096
6 1055 1056 1096
37 1055 1056 1095
91 1056 1095 1096
0 1056 1096 1097
89 1056 1057 1097
16 1056 1057 1096
36 1057 1096 1097
72 1057 1097 1098
18 1057 1058 1098
45 1057 1058 1097
78 1058 1097 1098
85 1058 1098 1099
85 1058 1059 1099
7 1058 1059 1098
98 1059 1098 1099
22 1059 1099 1100
72 1059 1060 1100
66 1059 1060 1099
87 1060 1099 1100
92 1060 1100 1101
78 1060 1061 1101
61 1060 1061 1100
89 1061 1100 1101
89 1061 1101 1102
19 1061 1062 1102
4 1061 1062 1101
29 1062 1101 1102
63 1062 1102 1103
33 1062 1063 1103
28 1062 1063 1102
88 1063 1102 1103
30 1063 1103 1104
89 1063 1064 1104
41 1063 1064 1103
69 1064 1103 1104
4 1064 1104 1105
69 1064 1065 1105
79 1064 1065 1104
9 1065 1104 1105
1 1065 1105 1106
23 1065 1066 1106
63 1065 1066 1105
20 1066 1105 1106
13 1066 1106 1107
18 1066 1067 1107
24 1066 1067 1106
76 1067 1106 1107
84 1067 1107 1108
86 1067 1068 1108
86 1067 1068 1107
14 1068 1107 1108
22 1068 1108 1109
93 1068 1069 1109
10 1068 1069 1108
58 1069 1108 1109
23 1069 1109 1110
13 1069 1070 1110
59 1069 1070 1109
57 1070 1109 1110
9 1070 1110 1111
69 1070 1071 1111
50 1070 1071 1110
29 1071 1110 1111
80 1071 1111 1112
14 1071 1072 1112
4 1071 1072 1111
97 1072 1111 1112
75 1072 1112 1113
20 1072 1073 1113
57 1072 1073 1112
16 1073 1112 1113
62 1073 1113 1114
99 1073 1074 1114
8 1073 1074 1113
57 1074 1113 1114
77 1074 1114 1115
4 1074 1075 1115
26 1074 1075 1114
12 1075 1114 1115
69 1075 1115 1116
89 1075 1076 1116
32 1075 1076 1115
31 1076 1115 1116
61 1076 1116 1117
36 1076 1077 1117
91 1076 1077 1116
22 1077 1116 1117
45 1077 1117 1118
96 1077 1078 1118
49 1077 1078 1117
54 1078 1117 1118
9 1078 1118 1119
32 1078 1079 1119
26 1078 1079 1118
43 1079 1118 1119
55 1079 1119 1120
8 1079 1080 1120
3 1079 1080 1119
89 1080 1119 1120
42 1081 1121 1122
78 1081 1082 1122
89 1081 1082 1121
25 1082 1121 1122
87 1082 1122 1123
22 1082 1083 1123
55 1082 1083 1122
48 1083 1122 1123
29 1083 1123 1124
51 1083 1084 1124
17 1083 1084 1123
88 1084 1123 1124
49 1084 1124 1125
12 1084 1085 1125
95 1084 1085 1124
81 1085 1124 1125
63 1085 1125 1126
72 1085 1086 1126
96 1085 1086 1125
35 1086 1125 1126
52 1086 1126 1127
88 1086 1087 1127
13 1086 1087 1126
72 1087 1126 1127
4 1087 1127 1128
34 1087 1088 1128
24 1087 1088 1127
17 1088 1127 1128
91 1088 1128 1129
50 1088 1089 1129
9 1088 1089 1128
16 1089 1128 1129
87 1089 1129 1130
75 1089 1090 1130
32 1089 1090 1129
87 1090 1129 1130
100 1090 1130 1131
34 1090 1091 1131
93 1090 1091 1130
97 1091 1130 1131
23 1091 1131 1132
29 1091 1092 1132
37 1091 1092 1131
79 1092 1131 1132
54 1092 1132 1133
44 1092 1093 1133
53 1092 1093 1132
96 1093 1132 1133
89 1093 1133 1134
1 1093 1094 1134
96 1093 1094 1133
87 1094 1133 1134
28 1094 1134 1135
5 1094 1095 1135
86 1094 1095 1134
95 1095 1134 1135
62 1095 1135 1136
37 1095 1096 1136
61 1095 1096 1135
62 1096 1135 1136
12 1096 1136 1137
11 1096 1097 1137
53 1096 1097 1136
53 1097 1136 1137
45 1097 1137 1138
67 1097 1098 1138
8 1097 1098 1137
25 1098 1137 1138
40 1098 1138 1139
84 1098 1099 1139
28 1098 1099 1138
26 1099 1138 1139
95 1099 1139 1140
8 1099 1100 1140
59 1099 1100 1139
50 1100 1139 1140
96 1100 1140 1141
6 1100 1101 1141
27 1100 1101 1140
18 1101 1140 1141
95 1101 1141 1142
48 1101 1102 1142
5 1101 1102 1141
79 1102 1141 1142
17 1102 1142 1143
33 1102 1103 1143
72 1102 1103 1142
98 1103 1142 1143
31 1103 1143 1144
84 1103 1104 1144
88 1103 1104 1143
9 1104 1143 1144
47 1104 1144 1145
91 1104 1105 1145
16 1104 1105 1144
98 1105 1144 1145
0 1105 1145 1146
23 1105 1106 1146
53 1105 1106 1145
51 1106 1145 1146
12 1106 1146 1147
12 1106 1107 1147
68 1106 1107 1146
36 1107 1146 1147
57 1107 1147 1148
67 1107 1108 1148
23 1107 1108 1147
95 1108 1147 1148
41 1108 1148 1149
20 1108 1109 1149
5 1108 1109 1148
64 1109 1148 1149
94 1109 1149 1150
48 1109 1110 1150
63 1109 1110 1149
78 1110 1149 1150
86 1110 1150 1151
94 1110 1111 1151
66 1110 1111 1150
43 1111 1150 1151
7 1111 1151 1152
79 1111 1112 1152
15 1111 1112 1151
28 1112 1151 1152
37 1112 1152 1153
76 1112 1113 1153
28 1112 1113 1152
46 1113 1152 1153
31 1113 1153 1154
56 1113 1114 1154
77 1113 1114 1153
86 1114 1153 1154
17 1114 1154 1155
20 1114 1115 1155
1 1114 1115 1154
95 1115 1154 1155
17 1115 1155 1156
72 1115 1116 1156
29 1115 1116 1155
90 1116 1155 1156
96 1116 1156 1157
58 1116 1117 1157
16 1116 1117 1156
99 1117 1156 1157
42 1117 1157 1158
62 1117 1118 1158
45 1117 1118 1157
30 1118 1157 1158
26 1118 1158 1159
23 1118 1119 1159
14 1118 1119 1158
55 1119 1158 1159
60 1119 1159 1160
95 1119 1120 1160
96 1119 1120 1159
50 1120 1159 1160
84 1121 1161 1162
75 1121 1122 1162
52 1121 1122 1161
42 1122 1161 1162
48 1122 1162 1163
47 1122 1123 1163
61 1122 1123 1162
70 1123 1162 1163
77 1123 1163 1164
40 1123 1124 1164
85 1123 1124 1163
22 1124 1163 1164
49 1124 1164 1165
8 1124 1125 1165
0 1124 1125 1164
45 1125 1164 1165
42 1125 1165 1166
63 1125 1126 1166
13 1125 1126 1165
16 1126 1165 1166
88 1126 1166 1167
45 1126 1127 1167
67 1126 1127 1166
23 1127 1166 1167
36 1127 1167 1168
24 1127 1128 1168
61 1127 1128 1167
25 1128 1167 1168
16 1128 1168 1169
82 1128 1129 1169
32 1128 1129 1168
51 1129 1168 1169
70 1129 1169 1170
41 1129 1130 1170
77 1129 1130 1169
19 1130 1169 1170
40 1130 1170 1171
15 1130 1131 1171
87 1130 1131 1170
18 1131 1170 1171
2 1131 1171 1172
62 1131 1132 1172
9 1131 1132 1171
31 1132 1171 1172
72 1132 1172 1173
34 1132 1133 1173
10 1132 1133 1172
72 1133 1172 1173
86 1133 1173 1174
95 1133 1134 1174
2 1133 1134 1173
72 1134 1173 1174
9 1134 1174 1175
91 1134 1135 1175
89 1134 1135 1174
84 1135 1174 1175
82 1135 1175 1176
81 1135 1136 1176
23 1135 1136 1175
17 1136 1175 1176
10 1136 1176 1177
47 1136 1137 1177
15 1136 1137 1176
43 1137 1176 1177
97 1137 1177 1178
89 1137 1138 1178
41 1137 1138 1177
70 1138 1177 1178
78 1138 1178 1179
82 1138 1139 1179
46 1138 1139 1178
27 1139 1178 1179
28 1139 1179 1180
25 1139 1140 1180
60 1139 1140 1179
12 1140 1179 1180
6 1140 1180 1181
2 1140 1141 1181
35 1140 1141 1180
11 1141 1180 1181
65 1141 1181 1182
89 1141 1142 1182
18 1141 1142 1181
29 1142 1181 1182
2 1142 1182 1183
63 1142 1143 1183
33 1142 1143 1182
59 1143 1182 1183
88 1143 1183 1184
85 1143 1144 1184
47 1143 1144 1183
41 1144 1183 1184
2 1144 1184 1185
5 1144 1145 1185
5 1144 1145 1184
18 1145 1184 1185
10 1145 1185 1186
35 1145 1146 1186
95 1145 1146 1185
38 1146 1185 1186
45 1146 1186 1187
17 1146 1147 1187
89 1146 1147 1186
42 1147 1186 1187
18 1147 1187 1188
55 1147 1148 1188
100 1147 1148 1187
96 1148 1187 1188
68 1148 1188 1189
84 1148 1149 1189
3 1148 1149 1188
63 1149 1188 1189
45 1149 1189 1190
82 1149 1150 1190
0 1149 1150 1189
88 1150 1189 1190
48 1150 1190 1191
45 1150 1151 1191
47 1150 1151 1190
52 1151 1190 1191
75 1151 1191 1192
22 1151 1152 1192
20 1151 1152 1191
14 1152 1191 1192
98 1152 1192 1193
51 1152 1153 1193
3 1152 1153 1192
84 1153 1192 1193
37 1153 1193 1194
18 1153 1154 1194
83 1153 1154 1193
46 1154 1193 1194
46 1154 1194 1195
46 1154 1155 1195
17 1154 1155 1194
0 1155 1194 1195
5 1155 1195 1196
43 1155 1156 1196
19 1155 1156 1195
72 1156 1195 1196
27 1156 1196 1197
26 1156 1157 1197
40 1156 1157 1196
79 1157 1196 1197
48 1157 1197 1198
54 1157 1158 1198
40 1157 1158 1197
25 1158 1197 1198
93 1158 1198 1199
42 1158 1159 1199
66 1158 1159 1198
76 1159 1198 1199
10 1159 1199 1200
52 1159 1160 1200
32 1159 1160 1199
52 1160 1199 1200
