17 1 9 10
19 1 2 10
45 1 2 9
46 2 9 10
86 2 10 11
31 2 3 11
60 2 3 10
13 3 10 11
5 3 11 12
26 3 4 12
88 3 4 11
29 4 11 12
2 4 12 13
77 4 5 13
68 4 5 12
9 5 12 13
76 5 13 14
34 5 6 14
13 5 6 13
83 6 13 14
12 6 14 15
11 6 7 15
85 6 7 14
17 7 14 15
2 7 15 16
47 7 8 16
51 7 8 15
67 8 15 16
54 9 17 18
80 9 10 18
1 9 10 17
0 10 17 18
66 10 18 19
7 10 11 19
65 10 11 18
86 11 18 19
48 11 19 20
71 11 12 20
50 11 12 19
60 12 19 20
54 12 20 21
47 12 13 21
99 12 13 20
47 13 20 21
56 13 21 22
98 13 14 22
19 13 14 21
24 14 21 22
88 14 22 23
73 14 15 23
51 14 15 22
34 15 22 23
7 15 23 24
20 15 16 24
12 15 16 23
99 16 23 24
100 17 25 26
11 17 18 26
40 17 18 25
91 18 25 26
62 18 26 27
22 18 19 27
84 18 19 26
66 19 26 27
75 19 27 28
58 19 20 28
62 19 20 27
58 20 27 28
55 20 28 29
98 20 21 29
89 20 21 28
100 21 28 29
61 21 29 30
65 21 22 30
83 21 22 29
58 22 29 30
29 22 30 31
4 22 23 31
92 22 23 30
27 23 30 31
96 23 31 32
89 23 24 32
65 23 24 31
3 24 31 32
8 25 33 34
20 25 26 34
36 25 26 33
21 26 33 34
69 26 34 35
17 26 27 35
57 26 27 34
45 27 34 35
98 27 35 36
86 27 28 36
3 27 28 35
73 28 35 36
51 28 36 37
11 28 29 37
80 28 29 36
66 29 36 37
48 29 37 38
39 29 30 38
10 29 30 37
57 30 37 38
42 30 38 39
98 30 31 39
3 30 31 38
21 31 38 39
24 31 39 40
15 31 32 40
49 31 32 39
96 32 39 40
56 33 41 42
84 33 34 42
55 33 34 41
24 34 41 42
61 34 42 43
94 34 35 43
2 34 35 42
43 35 42 43
90 35 43 44
63 35 36 44
84 35 36 43
90 36 43 44
68 36 44 45
32 36 37 45
40 36 37 44
60 37 44 45
59 37 45 46
96 37 38 46
88 37 38 45
89 38 45 46
11 38 46 47
80 38 39 47
20 38 39 46
65 39 46 47
24 39 47 48
45 39 40 48
60 39 40 47
76 40 47 48
48 41 49 50
96 41 42 50
50 41 42 49
90 42 49 50
45 42 50 51
34 42 43 51
90 42 43 50
68 43 50 51
64 43 51 52
79 43 44 52
35 43 44 51
52 44 51 52
22 44 52 53
54 44 45 53
61 44 45 52
57 45 52 53
62 45 53 54
10 45 46 54
16 45 46 53
77 46 53 54
1 46 54 55
46 46 47 55
90 46 47 54
21 47 54 55
73 47 55 56
14 47 48 56
57 47 48 55
17 48 55 56
5 49 57 58
15 49 50 58
79 49 50 57
78 50 57 58
1 50 58 59
96 50 51 59
71 50 51 58
96 51 58 59
51 51 59 60
57 51 52 60
25 51 52 59
73 52 59 60
25 52 60 61
49 52 53 61
41 52 53 60
40 53 60 61
53 53 61 62
85 53 54 62
56 53 54 61
29 54 61 62
83 54 62 63
79 54 55 63
68 54 55 62
36 55 62 63
8 55 63 64
18 55 56 64
88 55 56 63
16 56 63 64
79 57 65 66
13 57 58 66
65 57 58 65
38 58 65 66
100 58 66 67
36 58 59 67
25 58 59 66
55 59 66 67
64 59 67 68
72 59 60 68
66 59 60 67
92 60 67 68
14 60 68 69
59 60 61 69
84 60 61 68
12 61 68 69
74 61 69 70
76 61 62 70
59 61 62 69
32 62 69 70
59 62 70 71
9 62 63 71
51 62 63 70
79 63 70 71
27 63 71 72
52 63 64 72
29 63 64 71
42 64 71 72
79 64 72 73
57 65 81 82
9 65 66 82
16 65 66 81
83 66 81 82
71 66 82 83
79 66 67 83
0 66 67 82
71 67 82 83
67 67 83 84
79 67 68 84
31 67 68 83
26 68 83 84
42 68 84 85
64 68 69 85
39 68 69 84
100 69 84 85
58 69 85 86
85 69 70 86
53 69 70 85
41 70 85 86
15 70 86 87
62 70 71 87
9 70 71 86
83 71 86 87
81 71 87 88
58 71 72 88
13 71 72 87
15 72 87 88
58 72 88 89
7 72 73 89
59 72 73 88
18 73 88 89
8 73 89 90
91 73 74 90
19 73 74 89
44 74 89 90
97 74 90 91
63 74 75 91
65 74 75 90
94 75 90 91
87 75 91 92
28 75 76 92
98 75 76 91
39 76 91 92
3 76 92 93
0 76 77 93
55 76 77 92
18 77 92 93
77 77 93 94
99 77 78 94
81 77 78 93
96 78 93 94
95 78 94 95
33 78 79 95
19 78 79 94
1 79 94 95
4 79 95 96
36 79 80 96
61 79 80 95
19 80 95 96
53 81 97 98
30 81 82 98
67 81 82 97
78 82 97 98
59 82 98 99
79 82 83 99
89 82 83 98
14 83 98 99
4 83 99 100
38 83 84 100
31 83 84 99
52 84 99 100
23 84 100 101
99 84 85 101
6 84 85 100
4 85 100 101
53 85 101 102
35 85 86 102
29 85 86 101
52 86 101 102
15 86 102 103
43 86 87 103
48 86 87 102
81 87 102 103
71 87 103 104
90 87 88 104
92 87 88 103
78 88 103 104
50 88 104 105
93 88 89 105
8 88 89 104
40 89 104 105
96 89 105 106
80 89 90 106
88 89 90 105
88 90 105 106
77 90 106 107
3 90 91 107
8 90 91 106
0 91 106 107
87 91 107 108
90 91 92 108
31 91 92 107
60 92 107 108
35 92 108 109
39 92 93 109
44 92 93 108
96 93 108 109
73 93 109 110
35 93 94 110
18 93 94 109
92 94 109 110
78 94 110 111
91 94 95 111
76 94 95 110
54 95 110 111
6 95 111 112
50 95 96 112
45 95 96 111
80 96 111 112
39 97 113 114
34 97 98 114
37 97 98 113
70 98 113 114
40 98 114 115
20 98 99 115
58 98 99 114
56 99 114 115
60 99 115 116
39 99 100 116
32 99 100 115
79 100 115 116
21 100 116 117
28 100 101 117
94 100 101 116
41 101 116 117
63 101 117 118
74 101 102 118
34 101 102 117
74 102 117 118
31 102 118 119
66 102 103 119
81 102 103 118
79 103 118 119
47 103 119 120
85 103 104 120
93 103 104 119
83 104 119 120
15 104 120 121
14 104 105 121
60 104 105 120
96 105 120 121
12 105 121 122
83 105 106 122
5 105 106 121
0 106 121 122
27 106 122 123
55 106 107 123
69 106 107 122
68 107 122 123
81 107 123 124
86 107 108 124
50 107 108 123
38 108 123 124
14 108 124 125
44 108 109 125
36 108 109 124
78 109 124 125
84 109 125 126
29 109 110 126
53 109 110 125
93 110 125 126
24 110 126 127
50 110 111 127
99 110 111 126
39 111 126 127
45 111 127 128
34 111 112 128
53 111 112 127
91 112 127 128
51 113 129 130
24 113 114 130
46 113 114 129
87 114 129 130
49 114 130 131
89 114 115 131
3 114 115 130
69 115 130 131
97 115 131 132
19 115 116 132
65 115 116 131
87 116 131 132
57 116 132 133
88 116 117 133
53 116 117 132
97 117 132 133
36 117 133 134
71 117 118 134
89 117 118 133
66 118 133 134
63 118 134 135
64 118 119 135
10 118 119 134
90 119 134 135
68 119 135 136
0 119 120 136
100 119 120 135
78 120 135 136
17 120 136 137
41 120 121 137
31 120 121 136
96 121 136 137
77 121 137 138
71 121 122 138
73 121 122 137
43 122 137 138
80 122 138 139
26 122 123 139
83 122 123 138
66 123 138 139
96 123 139 140
88 123 124 140
87 123 124 139
96 124 139 140
57 124 140 141
71 124 125 141
74 124 125 140
81 125 140 141
83 125 141 142
28 125 126 142
25 125 126 141
89 126 141 142
27 126 142 143
34 126 127 143
78 126 127 142
91 127 142 143
12 127 143 144
86 127 128 144
53 127 128 143
54 128 143 144
48 129 145 146
11 129 130 146
60 129 130 145
58 130 145 146
57 130 146 147
93 130 131 147
81 130 131 146
29 131 146 147
66 131 147 148
81 131 132 148
84 131 132 147
54 132 147 148
88 132 148 149
64 132 133 149
54 132 133 148
1 133 148 149
77 133 149 150
66 133 134 150
20 133 134 149
99 134 149 150
11 134 150 151
98 134 135 151
39 134 135 150
31 135 150 151
36 135 151 152
52 135 136 152
35 135 136 151
85 136 151 152
17 136 152 153
56 136 137 153
22 136 137 152
83 137 152 153
96 137 153 154
40 137 138 154
75 137 138 153
85 138 153 154
89 138 154 155
60 138 139 155
50 138 139 154
26 139 154 155
58 139 155 156
64 139 140 156
43 139 140 155
46 140 155 156
76 140 156 157
25 140 141 157
27 140 141 156
38 141 156 157
51 141 157 158
100 141 142 158
13 141 142 157
74 142 157 158
2 142 158 159
9 142 143 159
62 142 143 158
34 143 158 159
86 143 159 160
40 143 144 160
72 143 144 159
45 144 159 160
65 145 161 162
63 145 146 162
78 145 146 161
11 146 161 162
91 146 162 163
76 146 147 163
67 146 147 162
91 147 162 163
35 147 163 164
99 147 148 164
80 147 148 163
80 148 163 164
98 148 164 165
67 148 149 165
4 148 149 164
93 149 164 165
36 149 165 166
46 149 150 166
0 149 150 165
71 150 165 166
36 150 166 167
82 150 151 167
40 150 151 166
34 151 166 167
65 151 167 168
16 151 152 168
24 151 152 167
21 152 167 168
27 152 168 169
26 152 153 169
95 152 153 168
61 153 168 169
77 153 169 170
31 153 154 170
66 153 154 169
86 154 169 170
45 154 170 171
44 154 155 171
11 154 155 170
98 155 170 171
87 155 171 172
83 155 156 172
18 155 156 171
33 156 171 172
48 156 172 173
0 156 157 173
49 156 157 172
96 157 172 173
13 157 173 174
67 157 158 174
19 157 158 173
47 158 173 174
60 158 174 175
28 158 159 175
64 158 159 174
6 159 174 175
29 159 175 176
89 159 160 176
84 159 160 175
78 160 175 176
49 161 177 178
4 161 162 178
43 161 162 177
41 162 177 178
23 162 178 179
63 162 163 179
30 162 163 178
54 163 178 179
15 163 179 180
84 163 164 180
68 163 164 179
9 164 179 180
85 164 180 181
67 164 165 181
45 164 165 180
47 165 180 181
46 165 181 182
48 165 166 182
41 165 166 181
88 166 181 182
17 166 182 183
45 166 167 183
0 166 167 182
18 167 182 183
43 167 183 184
5 167 168 184
97 167 168 183
37 168 183 184
71 168 184 185
49 168 169 185
0 168 169 184
26 169 184 185
32 169 185 186
34 169 170 186
53 169 170 185
65 170 185 186
69 170 186 187
67 170 171 187
38 170 171 186
98 171 186 187
29 171 187 188
17 171 172 188
5 171 172 187
71 172 187 188
77 172 188 189
63 172 173 189
27 172 173 188
17 173 188 189
83 173 189 190
58 173 174 190
86 173 174 189
75 174 189 190
27 174 190 191
92 174 175 191
61 174 175 190
62 175 190 191
28 175 191 192
1 175 176 192
84 175 176 191
31 176 191 192
